# K_F        F_0        G_0
0.143595	-0.17068	0.300776
0.180919	-0.185977	0.359341
0.2071	-0.193775	0.397142
0.227943	-0.198615	0.425498
0.245545	-0.201899	0.44833
0.26093	-0.204228	0.467493
0.274688	-0.205929	0.484032
0.287191	-0.207181	0.498588
0.29869	-0.208111	0.511594
0.309367	-0.208781	0.523345
0.319353	-0.209262	0.534066
0.328751	-0.209587	0.543919
0.337641	-0.209782	0.553034
0.346085	-0.209875	0.561509
0.354137	-0.209877	0.569428
0.361838	-0.209807	0.576855
0.369224	-0.209674	0.583847
0.376326	-0.209486	0.59045
0.38317	-0.209253	0.596701
0.389778	-0.208978	0.602636
0.396169	-0.208668	0.608282
0.40236	-0.208336	0.613667
0.408366	-0.207968	0.618808
0.414201	-0.207575	0.623726
0.419875	-0.207161	0.628438
0.425401	-0.206727	0.63296
0.430786	-0.206286	0.637307
0.43604	-0.205821	0.641487
0.44117	-0.205341	0.645512
0.446184	-0.204849	0.649393
0.451088	-0.204355	0.65314
0.455887	-0.203842	0.656758
0.460587	-0.20332	0.660255
0.465193	-0.202789	0.663638
0.46971	-0.20225	0.666915
0.474141	-0.201715	0.670093
0.478492	-0.201164	0.673171
0.482764	-0.200607	0.676158
0.486962	-0.200044	0.679059
0.491089	-0.199477	0.681877
0.495148	-0.198907	0.684615
0.499141	-0.198342	0.687281
0.503072	-0.197763	0.689872
0.506942	-0.197183	0.692394
0.510753	-0.196598	0.69485
0.514509	-0.196011	0.697244
0.518211	-0.195432	0.699579
0.52186	-0.19484	0.701853
0.525459	-0.194247	0.704072
0.52901	-0.193652	0.706237
0.532513	-0.193055	0.708351
0.535971	-0.192457	0.710414
0.539385	-0.191868	0.712432
0.542756	-0.191268	0.714401
0.546086	-0.190666	0.716326
0.549376	-0.190064	0.718208
0.552627	-0.189461	0.720048
0.55584	-0.188856	0.721848
0.559016	-0.188252	0.723609
0.562157	-0.187659	0.725335
0.565263	-0.187053	0.727022
0.568335	-0.186447	0.728674
0.571374	-0.185842	0.730292
0.574381	-0.185236	0.731876
0.577357	-0.18463	0.733428
0.580303	-0.184024	0.734949
0.583219	-0.183418	0.73644
0.586107	-0.182811	0.737902
0.588966	-0.182217	0.739336
0.591797	-0.181611	0.740741
0.594602	-0.181005	0.742119
0.597381	-0.180399	0.743471
0.600134	-0.179794	0.744797
0.602862	-0.179189	0.746098
0.605565	-0.178584	0.747375
0.608244	-0.177979	0.748628
0.610901	-0.177376	0.749859
0.613534	-0.176772	0.751067
0.616145	-0.176169	0.752252
0.618734	-0.175578	0.753419
0.621301	-0.174976	0.754562
0.623847	-0.174374	0.755686
0.626373	-0.173773	0.75679
0.628879	-0.173172	0.757874
0.631364	-0.172572	0.758939
0.63383	-0.171972	0.759986
0.636278	-0.171372	0.761015
0.638706	-0.170773	0.762027
0.641117	-0.170175	0.76302
0.643509	-0.169578	0.763997
0.645883	-0.168981	0.764958
0.648241	-0.168385	0.765903
0.650581	-0.167789	0.766831
0.652904	-0.167194	0.767744
0.655212	-0.1666	0.768642
0.657502	-0.166018	0.769527
0.659778	-0.165425	0.770396
0.662037	-0.164845	0.771251
0.664281	-0.164265	0.772093
0.666511	-0.163674	0.77292
0.668725	-0.163096	0.773734
0.670925	-0.162518	0.774535
0.67311	-0.161928	0.775323
0.675281	-0.161351	0.776099
0.677439	-0.160776	0.776862
0.679583	-0.160188	0.777613
0.681713	-0.159613	0.778352
0.68383	-0.159039	0.77908
0.685934	-0.158455	0.779795
0.688026	-0.157882	0.7805
0.690104	-0.157309	0.781194
0.69217	-0.156726	0.781876
0.694224	-0.156155	0.782548
0.696266	-0.155585	0.78321
0.698296	-0.155004	0.783861
0.700314	-0.154434	0.784502
0.702321	-0.153866	0.785134
0.704316	-0.153287	0.785755
0.7063	-0.15272	0.786367
0.708273	-0.152153	0.786969
0.710235	-0.151576	0.787562
0.712186	-0.151011	0.788146
0.714127	-0.150445	0.788722
0.716057	-0.14987	0.789287
0.717977	-0.149307	0.789845
0.719886	-0.148744	0.790395
0.721786	-0.148171	0.790935
0.723675	-0.147609	0.791467
0.725555	-0.147037	0.791991
0.727425	-0.146477	0.792508
0.729285	-0.145917	0.793016
0.731136	-0.145348	0.793517
0.732978	-0.144789	0.79401
0.73481	-0.14423	0.794496
0.736634	-0.143663	0.794973
0.738448	-0.143106	0.795444
0.740254	-0.142549	0.795908
0.74205	-0.141984	0.796365
0.743838	-0.141428	0.796815
0.745618	-0.140873	0.797258
0.747389	-0.14031	0.797693
0.749152	-0.139756	0.798123
0.750906	-0.139194	0.798545
0.752652	-0.138641	0.798962
0.754391	-0.138089	0.799372
0.756121	-0.137529	0.799775
0.757843	-0.136978	0.800173
0.759558	-0.136428	0.800565
0.761265	-0.135869	0.80095
0.762964	-0.13532	0.80133
0.764656	-0.134762	0.801703
0.76634	-0.134215	0.802071
0.768017	-0.133667	0.802434
0.769687	-0.133111	0.802791
0.771349	-0.132566	0.803142
0.773004	-0.132019	0.803488
0.774652	-0.131466	0.803828
0.776294	-0.130921	0.804163
0.777928	-0.130368	0.804492
0.779555	-0.129825	0.804817
0.781176	-0.129281	0.805137
0.78279	-0.12873	0.805451
0.784398	-0.128188	0.805761
0.785998	-0.127647	0.806065
0.787593	-0.127097	0.806365
0.789181	-0.126557	0.80666
0.790762	-0.126008	0.806951
0.792337	-0.125469	0.807236
0.793906	-0.12493	0.807517
0.795469	-0.124383	0.807794
0.797026	-0.123845	0.808066
0.798576	-0.123307	0.808335
0.800121	-0.122763	0.808598
0.80166	-0.122226	0.808857
0.803193	-0.121682	0.809111
0.80472	-0.121146	0.809362
0.806241	-0.120612	0.809608
0.807756	-0.120069	0.809851
0.809266	-0.119535	0.810089
0.81077	-0.118994	0.810323
0.812269	-0.11846	0.810554
0.813762	-0.117928	0.81078
0.81525	-0.117389	0.811002
0.816732	-0.116857	0.811221
0.818209	-0.116325	0.811436
0.819681	-0.115787	0.811647
0.821147	-0.115256	0.811856
0.822608	-0.114719	0.812059
0.824064	-0.11419	0.812259
0.825515	-0.113661	0.812457
0.826961	-0.113125	0.81265
0.828401	-0.112597	0.81284
0.829837	-0.112063	0.813026
0.831268	-0.111534	0.813209
0.832694	-0.111007	0.813389
0.834115	-0.110475	0.813565
0.835531	-0.109948	0.813738
0.836942	-0.109422	0.813908
0.838349	-0.108891	0.814075
0.839751	-0.108366	0.814239
0.841148	-0.107835	0.814399
0.842541	-0.107311	0.814556
0.843929	-0.106788	0.81471
0.845312	-0.106258	0.814861
0.846691	-0.105735	0.81501
0.848066	-0.105207	0.815155
0.849436	-0.104685	0.815297
0.850801	-0.104163	0.815437
0.852163	-0.103637	0.815573
0.853519	-0.103115	0.815707
0.854872	-0.10259	0.815837
0.85622	-0.102069	0.815966
0.857565	-0.101549	0.816091
0.858905	-0.101024	0.816214
0.86024	-0.100505	0.816334
0.861572	-0.099987	0.816451
0.8629	-0.099463	0.816566
0.864223	-0.098945	0.816678
0.865542	-0.098422	0.816787
0.866858	-0.097905	0.816895
0.868169	-0.097388	0.816999
0.869477	-0.096867	0.817101
0.87078	-0.096351	0.8172
0.87208	-0.09583	0.817297
0.873376	-0.095315	0.817392
0.874668	-0.0948	0.817484
0.875956	-0.094281	0.817574
0.87724	-0.093766	0.817661
0.878521	-0.093247	0.817746
0.879798	-0.092734	0.817829
0.881071	-0.09222	0.81791
0.882341	-0.091703	0.817988
0.883607	-0.091191	0.818064
0.884869	-0.090674	0.818138
0.886128	-0.090162	0.81821
0.887383	-0.08965	0.81828
0.888634	-0.089134	0.818347
0.889882	-0.088624	0.818412
0.891127	-0.088109	0.818475
0.892368	-0.087599	0.818537
0.893606	-0.087089	0.818595
0.89484	-0.086575	0.818653
0.896071	-0.086066	0.818707
0.897299	-0.085553	0.818761
0.898523	-0.085044	0.818812
0.899743	-0.084536	0.818861
0.900961	-0.084024	0.818907
0.902175	-0.083517	0.818953
0.903386	-0.083009	0.818996
0.904594	-0.082498	0.819038
0.905798	-0.081992	0.819077
0.907	-0.081482	0.819115
0.908198	-0.080975	0.819151
0.909393	-0.08047	0.819185
0.910585	-0.07996	0.819217
0.911774	-0.079455	0.819247
0.912959	-0.078946	0.819276
0.914142	-0.078441	0.819303
0.915321	-0.077938	0.819328
0.916498	-0.077429	0.819351
0.917671	-0.076926	0.819373
0.918842	-0.076419	0.819393
0.920009	-0.075916	0.819411
0.921174	-0.075413	0.819428
0.922336	-0.074906	0.819444
0.923494	-0.074404	0.819457
0.92465	-0.073899	0.819469
0.925803	-0.073397	0.819479
0.926953	-0.072896	0.819487
0.9281	-0.072392	0.819495
0.929245	-0.071891	0.819501
0.930386	-0.071387	0.819504
0.931525	-0.070887	0.819507
0.932661	-0.070386	0.819508
0.933794	-0.069884	0.819507
0.934925	-0.069384	0.819505
0.936053	-0.068881	0.819502
0.937178	-0.068381	0.819498
0.9383	-0.067883	0.819491
0.93942	-0.067381	0.819483
0.940537	-0.066883	0.819474
0.941651	-0.066382	0.819464
0.942763	-0.065885	0.819451
0.943872	-0.065387	0.819438
0.944979	-0.064886	0.819423
0.946083	-0.06439	0.819407
0.947184	-0.063889	0.81939
0.948283	-0.063393	0.819371
0.949379	-0.062897	0.819351
0.950473	-0.062398	0.81933
0.951564	-0.061902	0.819307
0.952653	-0.061405	0.819283
0.953739	-0.060909	0.819258
0.954823	-0.060414	0.819231
0.955904	-0.059916	0.819204
0.956983	-0.059421	0.819174
0.958059	-0.058924	0.819145
0.959134	-0.05843	0.819113
0.960205	-0.057936	0.81908
0.961275	-0.05744	0.819046
0.962341	-0.056946	0.819011
0.963406	-0.056451	0.818975
0.964468	-0.055957	0.818937
0.965528	-0.055465	0.818899
0.966586	-0.05497	0.818859
0.967641	-0.054477	0.818819
0.968694	-0.053982	0.818777
0.969744	-0.05349	0.818734
0.970793	-0.052999	0.818689
0.971839	-0.052505	0.818644
0.972883	-0.052013	0.818598
0.973924	-0.05152	0.81855
0.974964	-0.05103	0.818502
0.976001	-0.050538	0.818452
0.977036	-0.050046	0.818401
0.978069	-0.049556	0.81835
0.979099	-0.049063	0.818297
0.980128	-0.048574	0.818243
0.981154	-0.048084	0.818188
0.982178	-0.047592	0.818132
0.9832	-0.047102	0.818076
0.98422	-0.046612	0.818018
0.985238	-0.046123	0.817959
0.986254	-0.045634	0.8179
0.987267	-0.045144	0.817838
0.988279	-0.044655	0.817777
0.989288	-0.044165	0.817714
0.990296	-0.043677	0.81765
0.991301	-0.043189	0.817586
0.992305	-0.0427	0.81752
0.993306	-0.042212	0.817454
0.994305	-0.041723	0.817387
0.995302	-0.041236	0.817318
0.996298	-0.04075	0.817249
0.997291	-0.040261	0.81718
0.998282	-0.039774	0.817109
0.999272	-0.039286	0.817036
1.000259	-0.0388	0.816964
1.001245	-0.038314	0.81689
1.002228	-0.037826	0.816816
1.00321	-0.037341	0.81674
1.00419	-0.036854	0.816665
1.005167	-0.036368	0.816588
1.006143	-0.035883	0.81651
1.007117	-0.035397	0.816431
1.008089	-0.034911	0.816352
1.00906	-0.034425	0.816272
1.010028	-0.033941	0.816191
1.010995	-0.033456	0.816109
1.011959	-0.032971	0.816026
1.012922	-0.032487	0.815943
1.013883	-0.032002	0.815859
1.014842	-0.031518	0.815774
1.0158	-0.031034	0.815688
1.016755	-0.03055	0.815602
1.017709	-0.030066	0.815514
1.018661	-0.029581	0.815427
1.019611	-0.029099	0.815338
1.02056	-0.028616	0.815249
1.021507	-0.028132	0.815159
1.022452	-0.02765	0.815067
1.023395	-0.027167	0.814975
1.024336	-0.026684	0.814883
1.025276	-0.026202	0.81479
1.026214	-0.025718	0.814697
1.02715	-0.025237	0.814603
1.028085	-0.024754	0.814507
1.029018	-0.024272	0.814411
1.029949	-0.02379	0.814315
1.030879	-0.023309	0.814218
1.031807	-0.022828	0.814119
1.032733	-0.022345	0.814021
1.033657	-0.021865	0.813922
1.03458	-0.021383	0.813823
1.035502	-0.020902	0.813722
1.036421	-0.020422	0.813621
1.037339	-0.01994	0.813519
1.038256	-0.019461	0.813416
1.03917	-0.01898	0.813314
1.040084	-0.018499	0.81321
1.040995	-0.01802	0.813106
1.041905	-0.017539	0.813001
1.042813	-0.01706	0.812895
1.04372	-0.01658	0.812789
1.044625	-0.0161	0.812683
1.045529	-0.015621	0.812575
1.046431	-0.015141	0.812467
1.047332	-0.014662	0.812359
1.048231	-0.014182	0.81225
1.049128	-0.013703	0.81214
1.050024	-0.013225	0.81203
1.050918	-0.012746	0.811919
1.051811	-0.012267	0.811808
1.052703	-0.011789	0.811696
1.053593	-0.01131	0.811583
1.054481	-0.010832	0.811471
1.055368	-0.010353	0.811357
1.056253	-0.009876	0.811243
1.057137	-0.009397	0.811129
1.05802	-0.00892	0.811013
1.0589	-0.008443	0.810898
1.05978	-0.007964	0.810782
1.060658	-0.007488	0.810665
1.061535	-0.00701	0.810548
1.06241	-0.006532	0.81043
1.063283	-0.006056	0.810311
1.064156	-0.005578	0.810193
1.065026	-0.005101	0.810073
1.065896	-0.004624	0.809954
1.066764	-0.004147	0.809834
1.06763	-0.00367	0.809713
1.068496	-0.003194	0.809591
1.069359	-0.002718	0.80947
1.070222	-0.002241	0.809347
1.071083	-0.001764	0.809225
1.071942	-0.001289	0.809102
1.072801	-8.13E-4	0.808978
1.073658	-3.36E-4	0.808855
1.074513	1.4E-4	0.80873
1.075367	6.16E-4	0.808605
1.07622	0.00109	0.808479
1.077071	0.001566	0.808353
1.077922	0.002042	0.808227
1.07877	0.002518	0.808101
1.079618	0.002993	0.807973
1.080464	0.003469	0.807846
1.081309	0.003944	0.807718
1.082152	0.004418	0.807589
1.082994	0.004893	0.80746
1.083835	0.005368	0.807331
1.084674	0.005844	0.807201
1.085513	0.006319	0.807071
1.08635	0.006793	0.80694
1.087185	0.007267	0.806809
1.08802	0.007742	0.806678
1.088853	0.008217	0.806546
1.089685	0.008691	0.806414
1.090515	0.009166	0.806281
1.091344	0.009639	0.806148
1.092173	0.010114	0.806015
1.092999	0.010588	0.805881
1.093825	0.011062	0.805747
1.094649	0.011536	0.805612
1.095472	0.01201	0.805477
1.096294	0.012483	0.805342
1.097115	0.012956	0.805206
1.097934	0.013431	0.80507
1.098752	0.013904	0.804933
1.099569	0.014377	0.804796
1.100385	0.014851	0.80466
1.101199	0.015324	0.804522
1.102012	0.015798	0.804385
1.102824	0.016271	0.804246
1.103635	0.016744	0.804107
1.104445	0.017217	0.803968
1.105254	0.01769	0.803829
1.106061	0.018163	0.80369
1.106867	0.018635	0.80355
1.107672	0.01911	0.80341
1.108476	0.019582	0.803268
1.109279	0.020054	0.803128
1.11008	0.020527	0.802986
1.11088	0.020999	0.802844
1.11168	0.021473	0.802703
1.112478	0.021945	0.80256
1.113275	0.022416	0.802418
1.11407	0.02289	0.802275
1.114865	0.023362	0.802132
1.115659	0.023835	0.801988
1.116451	0.024307	0.801844
1.117242	0.024779	0.8017
1.118032	0.025252	0.801556
1.118821	0.025723	0.801411
1.119609	0.026196	0.801266
1.120396	0.026668	0.801121
1.121182	0.027139	0.800975
1.121966	0.027611	0.800829
1.12275	0.028082	0.800683
1.123532	0.028555	0.800536
1.124313	0.029027	0.80039
1.125094	0.029498	0.800243
1.125873	0.02997	0.800095
1.126651	0.030441	0.799947
1.127428	0.030913	0.799799
1.128204	0.031385	0.799651
1.128979	0.031857	0.799503
1.129753	0.032327	0.799354
1.130525	0.032799	0.799204
1.131297	0.033271	0.799056
1.132068	0.033742	0.798906
1.132837	0.034213	0.798756
1.133606	0.034685	0.798606
1.134373	0.035156	0.798456
1.13514	0.035627	0.798305
1.135905	0.036098	0.798154
1.13667	0.03657	0.798003
1.137433	0.037042	0.797852
1.138195	0.037511	0.7977
1.138957	0.037983	0.797548
1.139717	0.038454	0.797396
1.140476	0.038924	0.797244
1.141235	0.039396	0.797091
1.141992	0.039866	0.796938
1.142748	0.040338	0.796785
1.143503	0.040809	0.796632
1.144258	0.041279	0.796478
1.145011	0.041751	0.796325
1.145763	0.042221	0.796171
1.146515	0.042693	0.796017
1.147265	0.043163	0.795862
1.148014	0.043633	0.795707
1.148763	0.044105	0.795553
1.14951	0.044575	0.795398
1.150257	0.045046	0.795242
1.151002	0.045517	0.795086
1.151747	0.045987	0.794931
1.15249	0.046459	0.794775
1.153233	0.046928	0.794618
1.153974	0.0474	0.794463
1.154715	0.047869	0.794305
1.155455	0.04834	0.794148
1.156193	0.04881	0.793992
1.156931	0.049282	0.793834
1.157668	0.049752	0.793677
1.158404	0.050223	0.79352
1.159139	0.050693	0.793361
1.159873	0.051163	0.793204
1.160607	0.051634	0.793045
1.161339	0.052106	0.792887
1.16207	0.052575	0.792729
1.1628	0.053046	0.792569
1.16353	0.053516	0.792411
1.164258	0.053986	0.792251
1.164986	0.054458	0.792092
1.165713	0.054927	0.791933
1.166439	0.055398	0.791773
1.167164	0.055868	0.791613
1.167888	0.056339	0.791453
1.168611	0.05681	0.791293
1.169333	0.05728	0.791132
1.170055	0.057751	0.790972
1.170775	0.05822	0.790811
1.171495	0.058691	0.79065
1.172213	0.059163	0.790489
1.172931	0.059631	0.790327
1.173648	0.060103	0.790166
1.174364	0.060573	0.790005
1.175079	0.061044	0.789843
1.175794	0.061514	0.789681
1.176507	0.061984	0.789518
1.17722	0.062455	0.789356
1.177932	0.062924	0.789193
1.178642	0.063395	0.789031
1.179352	0.063866	0.788868
1.180062	0.064336	0.788706
1.18077	0.064807	0.788542
1.181477	0.065277	0.788379
1.182184	0.065748	0.788216
1.18289	0.066219	0.788052
1.183595	0.066688	0.787889
1.184299	0.06716	0.787725
1.185002	0.06763	0.787561
1.185704	0.0681	0.787397
1.186406	0.06857	0.787232
1.187107	0.069042	0.787068
1.187807	0.069513	0.786904
1.188506	0.069983	0.786739
1.189204	0.070453	0.786574
1.189902	0.070923	0.78641
1.190598	0.071395	0.786244
1.191294	0.071866	0.786079
1.191989	0.072335	0.785913
1.192683	0.072807	0.785748
1.193377	0.073276	0.785582
1.19407	0.073748	0.785417
1.194761	0.074219	0.785251
1.195452	0.074688	0.785085
1.196143	0.07516	0.784919
1.196832	0.07563	0.784753
1.197521	0.076102	0.784587
1.198208	0.076573	0.78442
1.198895	0.077043	0.784253
1.199582	0.077514	0.784087
1.200267	0.077984	0.783919
1.200952	0.078456	0.783752
1.201636	0.078927	0.783586
1.202319	0.079397	0.783418
1.203001	0.079869	0.783251
1.203683	0.080339	0.783083
1.204364	0.080811	0.782916
1.205044	0.081283	0.782749
1.205723	0.081753	0.78258
1.206402	0.082225	0.782413
1.207079	0.082694	0.782245
1.207756	0.083166	0.782077
1.208433	0.083638	0.781908
1.209108	0.084109	0.78174
1.209783	0.08458	0.781571
1.210457	0.085051	0.781403
1.21113	0.085523	0.781234
1.211802	0.085995	0.781066
1.212474	0.086465	0.780897
1.213145	0.086937	0.780728
1.213815	0.087408	0.780559
1.214485	0.08788	0.78039
1.215154	0.088352	0.780221
1.215822	0.088822	0.780051
1.216489	0.089294	0.779882
1.217156	0.089766	0.779713
1.217821	0.090238	0.779543
1.218487	0.09071	0.779373
1.219151	0.091181	0.779204
1.219815	0.091653	0.779034
1.220478	0.092123	0.778863
1.22114	0.092596	0.778694
1.221801	0.093069	0.778523
1.222462	0.09354	0.778353
1.223122	0.094012	0.778182
1.223781	0.094483	0.778012
1.22444	0.094957	0.777842
1.225098	0.095429	0.777672
1.225755	0.0959	0.7775
1.226412	0.096373	0.77733
1.227068	0.096844	0.777159
1.227723	0.097317	0.776988
1.228377	0.09779	0.776817
1.229031	0.098261	0.776646
1.229684	0.098735	0.776476
1.230336	0.099206	0.776304
1.230988	0.099678	0.776133
1.231639	0.100152	0.775961
1.232289	0.100624	0.77579
1.232939	0.101098	0.775619
1.233588	0.101568	0.775447
1.234236	0.102042	0.775275
1.234884	0.102516	0.775104
1.23553	0.102987	0.774932
1.236177	0.103461	0.77476
1.236822	0.103933	0.774588
1.237467	0.104406	0.774416
1.238111	0.10488	0.774244
1.238755	0.105351	0.774071
1.239398	0.105826	0.7739
1.24004	0.106297	0.773728
1.240681	0.106772	0.773556
1.241322	0.107246	0.773383
1.241962	0.107718	0.77321
1.242602	0.108192	0.773038
1.243241	0.108664	0.772865
1.243879	0.109139	0.772693
1.244516	0.109613	0.77252
1.245153	0.110086	0.772347
1.24579	0.11056	0.772175
1.246425	0.111032	0.772002
1.24706	0.111508	0.771829
1.247695	0.111982	0.771656
1.248328	0.112455	0.771483
1.248961	0.112929	0.77131
1.249594	0.113402	0.771137
1.250225	0.113877	0.770964
1.250857	0.114352	0.770791
1.251487	0.114825	0.770617
1.252117	0.1153	0.770444
1.252746	0.115772	0.77027
1.253375	0.116248	0.770097
1.254003	0.116723	0.769924
1.25463	0.117196	0.76975
1.255257	0.117672	0.769577
1.255883	0.118145	0.769403
1.256508	0.118621	0.769229
1.257133	0.119097	0.769056
1.257757	0.11957	0.768882
1.258381	0.120046	0.768708
1.259004	0.120518	0.768534
1.259626	0.120995	0.76836
1.260248	0.121472	0.768187
1.260869	0.121944	0.768012
1.261489	0.122421	0.767839
1.262109	0.122894	0.767664
1.262728	0.123372	0.767491
1.263347	0.123847	0.767316
1.263965	0.124322	0.767142
1.264583	0.124798	0.766968
1.2652	0.125272	0.766794
1.265816	0.125748	0.766619
1.266432	0.126226	0.766446
1.267047	0.1267	0.766271
1.267661	0.127176	0.766097
1.268275	0.127651	0.765922
1.268888	0.128128	0.765748
1.269501	0.128605	0.765574
1.270113	0.12908	0.765399
1.270725	0.129557	0.765224
1.271335	0.130035	0.76505
1.271946	0.13051	0.764876
1.272556	0.130988	0.764701
1.273165	0.131461	0.764526
1.273773	0.131939	0.764351
1.274381	0.132417	0.764177
1.274989	0.132893	0.764002
1.275596	0.133371	0.763827
1.276202	0.133845	0.763652
1.276808	0.134324	0.763477
1.277413	0.134802	0.763303
1.278017	0.135278	0.763128
1.278621	0.135756	0.762953
1.279225	0.136231	0.762777
1.279827	0.13671	0.762603
1.28043	0.137189	0.762428
1.281031	0.137665	0.762253
1.281633	0.138144	0.762078
1.282233	0.138619	0.761903
1.282833	0.139098	0.761728
1.283433	0.139578	0.761553
1.284032	0.140053	0.761378
1.28463	0.140533	0.761203
1.285228	0.141008	0.761027
1.285825	0.141489	0.760853
1.286422	0.141968	0.760678
1.287018	0.142445	0.760502
1.287613	0.142924	0.760327
1.288208	0.143404	0.760152
1.288803	0.14388	0.759976
1.289397	0.14436	0.759801
1.28999	0.144838	0.759626
1.290583	0.145318	0.759451
1.291175	0.145797	0.759275
1.291767	0.146275	0.7591
1.292358	0.146755	0.758925
1.292949	0.147233	0.758749
1.293539	0.147713	0.758574
1.294128	0.148194	0.758399
1.294717	0.148671	0.758223
1.295306	0.149152	0.758048
1.295894	0.14963	0.757872
1.296481	0.150111	0.757697
1.297068	0.150592	0.757522
1.297655	0.15107	0.757346
1.298241	0.151552	0.757171
1.298826	0.152029	0.756995
1.299411	0.152512	0.75682
1.299995	0.152993	0.756645
1.300579	0.15347	0.756469
1.301162	0.153953	0.756294
1.301745	0.154435	0.756119
1.302327	0.154914	0.755943
1.302908	0.155395	0.755767
1.30349	0.155874	0.755591
1.30407	0.156357	0.755416
1.30465	0.15684	0.755241
1.30523	0.157318	0.755065
1.305809	0.157801	0.75489
1.306387	0.158281	0.754714
1.306965	0.158763	0.754539
1.307543	0.159245	0.754363
1.30812	0.159726	0.754188
1.308697	0.160208	0.754012
1.309273	0.160689	0.753837
1.309848	0.161172	0.753661
1.310423	0.161655	0.753486
1.310998	0.162135	0.75331
1.311572	0.162619	0.753135
1.312145	0.163102	0.75296
1.312718	0.163582	0.752783
1.313291	0.164066	0.752608
1.313863	0.164547	0.752432
1.314434	0.165031	0.752256
1.315005	0.165515	0.752081
1.315575	0.165996	0.751905
1.316146	0.16648	0.751731
1.316715	0.166961	0.751554
1.317284	0.167445	0.751379
1.317853	0.16793	0.751204
1.318421	0.168412	0.751028
1.318988	0.168896	0.750852
1.319555	0.169381	0.750677
1.320122	0.169863	0.750502
1.320688	0.170349	0.750326
1.321254	0.17083	0.75015
1.321819	0.171314	0.749975
1.322383	0.171801	0.7498
1.322948	0.172283	0.749624
1.323511	0.172769	0.749449
1.324074	0.173251	0.749273
1.324637	0.173737	0.749098
1.325199	0.174223	0.748923
1.325761	0.174706	0.748747
1.326322	0.175191	0.748572
1.326883	0.175678	0.748397
1.327443	0.17616	0.74822
1.328003	0.176648	0.748046
1.328563	0.17713	0.74787
1.329122	0.177617	0.747694
1.32968	0.178105	0.74752
1.330238	0.178588	0.747344
1.330796	0.179074	0.747168
1.331353	0.179558	0.746993
1.331909	0.180046	0.746818
1.332465	0.180533	0.746643
1.333021	0.181018	0.746467
1.333576	0.181504	0.746292
1.334131	0.181992	0.746117
1.334685	0.182476	0.745941
1.335239	0.182965	0.745767
1.335792	0.18345	0.745591
1.336345	0.183937	0.745416
1.336898	0.184425	0.745241
1.33745	0.184912	0.745066
1.338001	0.1854	0.744891
1.338552	0.185889	0.744716
1.339103	0.186372	0.74454
1.339653	0.186862	0.744365
1.340203	0.187348	0.74419
1.340752	0.187837	0.744015
1.341301	0.188325	0.74384
1.341849	0.188812	0.743664
1.342397	0.189301	0.74349
1.342945	0.189786	0.743314
1.343492	0.190276	0.74314
1.344038	0.190767	0.742965
1.344584	0.191253	0.74279
1.34513	0.191744	0.742615
1.345675	0.192234	0.742441
1.34622	0.192719	0.742265
1.346764	0.19321	0.74209
1.347308	0.193697	0.741915
1.347852	0.194186	0.74174
1.348395	0.194678	0.741566
1.348938	0.195165	0.741391
1.34948	0.195657	0.741216
1.350021	0.196147	0.741042
1.350563	0.196635	0.740866
1.351104	0.197126	0.740692
1.351644	0.197614	0.740517
1.352184	0.198106	0.740343
1.352724	0.198597	0.740168
1.353263	0.199086	0.739993
1.353802	0.199578	0.739818
1.35434	0.200069	0.739644
1.354878	0.200559	0.73947
1.355415	0.20105	0.739295
1.355952	0.20154	0.73912
1.356489	0.202031	0.738946
1.357025	0.202524	0.738772
1.357561	0.203012	0.738596
1.358096	0.203507	0.738423
1.358631	0.204	0.738248
1.359165	0.204489	0.738073
1.359699	0.204981	0.737899
1.360233	0.205471	0.737724
1.360766	0.205965	0.737551
1.361299	0.206458	0.737377
1.361831	0.206948	0.737202
1.362363	0.207444	0.737028
1.362895	0.207937	0.736854
1.363426	0.208426	0.736679
1.363957	0.20892	0.736505
1.364487	0.209412	0.736331
1.365017	0.209907	0.736157
1.365546	0.210402	0.735983
1.366076	0.210892	0.735808
1.366604	0.211388	0.735635
1.367133	0.211881	0.735461
1.36766	0.212374	0.735287
1.368188	0.212869	0.735113
1.368715	0.21336	0.734939
1.369241	0.213856	0.734765
1.369768	0.214352	0.734592
1.370293	0.214842	0.734417
1.370819	0.21534	0.734244
1.371344	0.215836	0.734071
1.371869	0.216328	0.733896
1.372393	0.216824	0.733723
1.372917	0.217317	0.733548
1.37344	0.217813	0.733375
1.373963	0.218309	0.733201
1.374486	0.218803	0.733028
1.375008	0.2193	0.732855
1.37553	0.219796	0.732681
1.376051	0.220291	0.732507
1.376572	0.220787	0.732334
1.377093	0.221281	0.73216
1.377613	0.221779	0.731987
1.378133	0.222277	0.731814
1.378652	0.222771	0.73164
1.379171	0.223269	0.731467
1.37969	0.223766	0.731294
1.380208	0.224261	0.73112
1.380726	0.22476	0.730948
1.381244	0.225258	0.730775
1.381761	0.225752	0.730601
1.382278	0.226252	0.730428
1.382794	0.226746	0.730254
1.38331	0.227244	0.730081
1.383826	0.227745	0.729909
1.384341	0.22824	0.729735
1.384856	0.228739	0.729563
1.38537	0.229238	0.72939
1.385884	0.229735	0.729217
1.386398	0.230234	0.729044
1.386911	0.23073	0.72887
1.387424	0.23123	0.728698
1.387936	0.231731	0.728526
1.388449	0.232228	0.728352
1.38896	0.232728	0.72818
1.389472	0.233229	0.728008
1.389983	0.233725	0.727834
1.390494	0.234226	0.727662
1.391004	0.234728	0.72749
1.391514	0.235224	0.727317
1.392023	0.235726	0.727145
1.392532	0.236223	0.726972
1.393041	0.236725	0.7268
1.39355	0.237227	0.726628
1.394058	0.237724	0.726454
1.394565	0.238227	0.726283
1.395072	0.23873	0.726111
1.395579	0.239227	0.725938
1.396086	0.239729	0.725766
1.396592	0.240232	0.725595
1.397098	0.240731	0.725422
1.397604	0.241234	0.72525
1.398109	0.241732	0.725077
1.398613	0.242237	0.724906
1.399118	0.242739	0.724734
1.399622	0.243239	0.724561
1.400125	0.243743	0.72439
1.400629	0.244246	0.724218
1.401132	0.244744	0.724045
1.401634	0.245249	0.723875
1.402136	0.245754	0.723703
1.402638	0.246254	0.723531
1.40314	0.246758	0.723359
1.403641	0.247258	0.723187
1.404142	0.247762	0.723015
1.404642	0.248267	0.722844
1.405142	0.248768	0.722672
1.405642	0.249274	0.722501
1.406141	0.249778	0.72233
1.40664	0.25028	0.722158
1.407139	0.250786	0.721987
1.407637	0.251291	0.721816
1.408135	0.251793	0.721644
1.408632	0.252298	0.721473
1.40913	0.2528	0.721301
1.409626	0.253307	0.72113
1.410123	0.253813	0.72096
1.410619	0.254315	0.720788
1.411115	0.254821	0.720617
1.41161	0.255328	0.720447
1.412106	0.255832	0.720275
1.4126	0.256338	0.720104
1.413095	0.256845	0.719934
1.413589	0.257348	0.719762
1.414083	0.257856	0.719592
1.414576	0.258363	0.719421
1.415069	0.258867	0.71925
1.415562	0.259375	0.719079
1.416054	0.259878	0.718908
1.416546	0.260387	0.718738
1.417038	0.260895	0.718568
1.417529	0.2614	0.718397
1.41802	0.261908	0.718227
1.418511	0.262417	0.718056
1.419001	0.262921	0.717885
1.419491	0.26343	0.717715
1.419981	0.26394	0.717545
1.42047	0.264444	0.717374
1.420959	0.264954	0.717204
1.421448	0.265463	0.717034
1.421936	0.265969	0.716863
1.422424	0.26648	0.716694
1.422912	0.266986	0.716523
1.423399	0.267495	0.716353
1.423886	0.268006	0.716184
1.424373	0.268511	0.716012
1.424859	0.269022	0.715843
1.425345	0.269533	0.715674
1.42583	0.27004	0.715503
1.426316	0.270552	0.715334
1.426801	0.271062	0.715164
1.427285	0.271569	0.714994
1.42777	0.27208	0.714824
1.428254	0.272592	0.714655
1.428737	0.273099	0.714485
1.429221	0.273612	0.714316
1.429704	0.274124	0.714147
1.430186	0.274631	0.713977
1.430669	0.275144	0.713807
1.431151	0.275652	0.713637
1.431633	0.276165	0.713468
1.432114	0.276678	0.7133
1.432595	0.277187	0.71313
1.433076	0.277699	0.712961
1.433556	0.278212	0.712792
1.434036	0.278721	0.712622
1.434516	0.279235	0.712453
1.434995	0.279749	0.712285
1.435475	0.280257	0.712114
1.435953	0.280772	0.711946
1.436432	0.281286	0.711777
1.43691	0.281797	0.711608
1.437388	0.28231	0.711439
1.437865	0.282825	0.711271
1.438343	0.283337	0.711102
1.43882	0.283851	0.710934
1.439296	0.284361	0.710764
1.439772	0.284877	0.710596
1.440248	0.285391	0.710427
1.440724	0.285902	0.710258
1.441199	0.286418	0.710091
1.441674	0.286933	0.709922
1.442149	0.287446	0.709753
1.442623	0.287961	0.709585
1.443098	0.288477	0.709417
1.443571	0.288989	0.709248
1.444045	0.289506	0.70908
1.444518	0.290022	0.708912
1.444991	0.290535	0.708744
1.445463	0.291053	0.708576
1.445935	0.291569	0.708409
1.446407	0.292082	0.708239
1.446879	0.2926	0.708072
1.44735	0.293116	0.707904
1.447821	0.29363	0.707736
1.448292	0.294149	0.707569
1.448762	0.294662	0.7074
1.449232	0.29518	0.707233
1.449702	0.295698	0.707065
1.450172	0.296211	0.706897
1.450641	0.29673	0.70673
1.45111	0.297249	0.706563
1.451578	0.297763	0.706394
1.452047	0.298282	0.706227
1.452514	0.298801	0.70606
1.452982	0.299316	0.705892
1.453449	0.299836	0.705725
1.453917	0.300355	0.705558
1.454383	0.30087	0.70539
1.45485	0.301391	0.705223
1.455316	0.301911	0.705056
1.455782	0.302426	0.704889
1.456247	0.302947	0.704722
1.456712	0.303468	0.704556
1.457177	0.303983	0.704387
1.457642	0.304505	0.704221
1.458107	0.305024	0.704054
1.458571	0.305541	0.703887
1.459034	0.306064	0.703721
1.459498	0.306584	0.703554
1.459961	0.307102	0.703387
1.460424	0.307623	0.70322
1.460886	0.308146	0.703054
1.461349	0.308662	0.702886
1.461811	0.309184	0.70272
1.462273	0.309703	0.702554
1.462734	0.310225	0.702387
1.463195	0.310748	0.702221
1.463656	0.311265	0.702054
1.464116	0.311788	0.701888
1.464577	0.312312	0.701723
1.465037	0.312829	0.701555
1.465496	0.313353	0.70139
1.465956	0.313877	0.701224
1.466415	0.314396	0.701056
1.466874	0.314919	0.700891
1.467332	0.315444	0.700726
1.467791	0.315963	0.700559
1.468249	0.316487	0.700393
1.468706	0.317013	0.700228
1.469164	0.317532	0.700061
1.469621	0.318056	0.699896
1.470078	0.318581	0.69973
1.470534	0.319101	0.699564
1.47099	0.319626	0.699399
1.471446	0.320151	0.699233
1.471902	0.320673	0.699067
1.472358	0.321199	0.698902
1.472813	0.321724	0.698737
1.473267	0.322245	0.698571
1.473722	0.322771	0.698406
1.474176	0.323297	0.698241
1.47463	0.323819	0.698075
1.475084	0.324345	0.69791
1.475538	0.324874	0.697746
1.475991	0.325394	0.697579
1.476444	0.325921	0.697414
1.476896	0.326448	0.69725
1.477349	0.32697	0.697084
1.477801	0.327499	0.69692
1.478252	0.328026	0.696755
1.478704	0.328548	0.696589
1.479155	0.329077	0.696425
1.479606	0.329605	0.696261
1.480057	0.330128	0.696095
1.480507	0.330657	0.695931
1.480957	0.331184	0.695766
1.481407	0.331709	0.695601
1.481857	0.332237	0.695437
1.482306	0.332767	0.695273
1.482755	0.333291	0.695108
1.483204	0.33382	0.694944
1.483652	0.33435	0.69478
1.484101	0.334875	0.694615
1.484549	0.335404	0.69445
1.484996	0.335935	0.694287
1.485444	0.336459	0.694122
1.485891	0.336989	0.693958
1.486338	0.33752	0.693794
1.486784	0.338044	0.693629
1.487231	0.338575	0.693466
1.487677	0.339107	0.693302
1.488123	0.339633	0.693138
1.488568	0.340163	0.692974
1.489013	0.340695	0.692811
1.489458	0.34122	0.692646
1.489903	0.341752	0.692483
1.490348	0.342284	0.692319
1.490792	0.34281	0.692154
1.491236	0.343342	0.691991
1.49168	0.343874	0.691828
1.492123	0.344401	0.691663
1.492566	0.344933	0.6915
1.493009	0.345466	0.691338
1.493452	0.345994	0.691174
1.493894	0.346527	0.69101
1.494336	0.347061	0.690848
1.494778	0.34759	0.690684
1.49522	0.348122	0.690521
1.495661	0.348655	0.690358
1.496102	0.349184	0.690195
1.496543	0.349718	0.690032
1.496983	0.350252	0.689869
1.497424	0.350782	0.689705
1.497864	0.351316	0.689543
1.498304	0.351848	0.68938
1.498743	0.352378	0.689216
1.499182	0.352913	0.689054
1.499621	0.353447	0.688891
1.50006	0.353978	0.688728
1.500498	0.354512	0.688565
1.500937	0.355049	0.688404
1.501375	0.355579	0.68824
1.501812	0.356115	0.688078
1.50225	0.356649	0.687916
1.502687	0.357181	0.687753
1.503124	0.357716	0.687591
1.503561	0.358253	0.687429
1.503997	0.358783	0.687265
1.504433	0.35932	0.687104
1.504869	0.359856	0.686941
1.505305	0.360388	0.686779
1.50574	0.360924	0.686616
1.506176	0.361463	0.686456
1.506611	0.361995	0.686292
1.507045	0.362532	0.686131
1.50748	0.363069	0.685969
1.507914	0.3636	0.685806
1.508348	0.364138	0.685645
1.508781	0.364676	0.685483
1.509215	0.36521	0.68532
1.509648	0.365747	0.685159
1.510081	0.366285	0.684998
1.510514	0.36682	0.684836
1.510946	0.367358	0.684674
1.511378	0.367895	0.684512
1.51181	0.368431	0.684351
1.512242	0.368969	0.68419
1.512673	0.369508	0.684029
1.513105	0.370042	0.683866
1.513536	0.370583	0.683706
1.513966	0.371122	0.683544
1.514397	0.371657	0.683382
1.514827	0.372196	0.683221
1.515257	0.372735	0.68306
1.515687	0.373271	0.682899
1.516116	0.373812	0.682738
1.516546	0.374352	0.682577
1.516974	0.374887	0.682414
1.517403	0.375429	0.682255
1.517832	0.375969	0.682094
1.51826	0.376506	0.681933
1.518688	0.377045	0.681771
1.519116	0.377587	0.681611
1.519543	0.378124	0.68145
1.519971	0.378665	0.681289
1.520398	0.379207	0.681129
1.520825	0.379743	0.680967
1.521251	0.380286	0.680807
1.521678	0.380828	0.680647
1.522104	0.381365	0.680485
1.52253	0.381908	0.680325
1.522955	0.38245	0.680165
1.523381	0.382987	0.680004
1.523806	0.383531	0.679844
1.524231	0.384075	0.679685
1.524655	0.384617	0.679525
1.52508	0.385155	0.679363
1.525504	0.385699	0.679204
1.525928	0.386241	0.679044
1.526352	0.386781	0.678883
1.526775	0.387325	0.678724
1.527199	0.387868	0.678564
1.527622	0.388407	0.678403
1.528045	0.388951	0.678243
1.528467	0.389496	0.678084
1.52889	0.390035	0.677923
1.529312	0.390579	0.677763
1.529734	0.391125	0.677604
1.530155	0.391666	0.677444
1.530577	0.392209	0.677284
1.530998	0.392756	0.677125
1.531419	0.393296	0.676965
1.531839	0.39384	0.676805
1.53226	0.394387	0.676646
1.53268	0.394928	0.676486
1.5331	0.395472	0.676326
1.53352	0.396019	0.676168
1.53394	0.39656	0.676007
1.534359	0.397107	0.675849
1.534778	0.397653	0.67569
1.535197	0.398194	0.675529
1.535616	0.398742	0.675371
1.536034	0.399288	0.675212
1.536452	0.39983	0.675051
1.53687	0.400378	0.674894
1.537288	0.400926	0.674735
1.537705	0.401472	0.674576
1.538123	0.402015	0.674416
1.53854	0.402562	0.674258
1.538957	0.403111	0.6741
1.539373	0.403652	0.673939
1.53979	0.404202	0.673781
1.540206	0.40475	0.673623
1.540622	0.405292	0.673463
1.541037	0.405841	0.673305
1.541453	0.406391	0.673147
1.541868	0.406934	0.672987
1.542283	0.407483	0.672829
1.542698	0.408032	0.672671
1.543113	0.408576	0.672511
1.543527	0.409124	0.672353
1.543941	0.409674	0.672195
1.544355	0.410219	0.672036
1.544769	0.410769	0.671878
1.545182	0.411318	0.67172
1.545595	0.411863	0.67156
1.546008	0.412413	0.671403
1.546421	0.412964	0.671245
1.546834	0.413509	0.671086
1.547246	0.41406	0.670929
1.547658	0.414612	0.670771
1.54807	0.415162	0.670614
1.548482	0.415707	0.670454
1.548894	0.416258	0.670297
1.549305	0.41681	0.670139
1.549716	0.417356	0.669981
1.550127	0.417907	0.669823
1.550537	0.418458	0.669666
1.550948	0.419005	0.669507
1.551358	0.419557	0.669349
1.551768	0.420107	0.669192
1.552178	0.420656	0.669034
1.552587	0.421209	0.668877
1.552997	0.421761	0.66872
1.553406	0.422307	0.668561
1.553815	0.42286	0.668403
1.554223	0.423413	0.668247
1.554632	0.423961	0.668088
1.55504	0.424513	0.667931
1.555448	0.425067	0.667775
1.555856	0.425614	0.667616
1.556264	0.426167	0.667459
1.556671	0.426721	0.667302
1.557078	0.427276	0.667146
1.557485	0.427825	0.666988
1.557892	0.428378	0.66683
1.558298	0.428931	0.666673
1.558705	0.429481	0.666516
1.559111	0.430035	0.666359
1.559517	0.43059	0.666203
1.559922	0.431138	0.666044
1.560328	0.431694	0.665888
1.560733	0.432249	0.665732
1.561138	0.432798	0.665574
1.561543	0.433352	0.665417
1.561948	0.433907	0.665261
1.562352	0.434457	0.665103
1.562757	0.435012	0.664946
1.563161	0.435568	0.66479
1.563564	0.436119	0.664633
1.563968	0.436676	0.664477
1.564371	0.437232	0.664321
1.564775	0.437782	0.664163
1.565178	0.438338	0.664007
1.56558	0.438893	0.66385
1.565983	0.439451	0.663695
1.566385	0.440001	0.663537
1.566787	0.440559	0.663382
1.567189	0.441115	0.663226
1.567591	0.441667	0.663068
1.567993	0.442224	0.662913
1.568394	0.442781	0.662756
1.568795	0.443334	0.662599
1.569196	0.443892	0.662444
1.569597	0.444447	0.662288
1.569997	0.445	0.662131
1.570397	0.445558	0.661975
1.570798	0.446116	0.661819
1.571198	0.446667	0.661662
1.571597	0.447226	0.661506
1.571997	0.447785	0.661351
1.572396	0.448337	0.661194
1.572795	0.448897	0.661039
1.573194	0.449455	0.660884
1.573593	0.450012	0.660728
1.573991	0.450566	0.660571
1.574389	0.451127	0.660417
1.574787	0.451685	0.660261
1.575185	0.452239	0.660104
1.575583	0.452798	0.659949
1.575981	0.453357	0.659793
1.576378	0.453911	0.659637
1.576775	0.454471	0.659482
1.577172	0.45503	0.659326
1.577568	0.455585	0.65917
1.577965	0.456144	0.659015
1.578361	0.456706	0.658861
1.578757	0.457259	0.658703
1.579153	0.457821	0.658549
1.579549	0.45838	0.658394
1.579944	0.45894	0.658239
1.580339	0.459494	0.658082
1.580735	0.460057	0.657927
1.581129	0.460617	0.657773
1.581524	0.461173	0.657616
1.581919	0.461734	0.657462
1.582313	0.462296	0.657307
1.582707	0.462851	0.657151
1.583101	0.463412	0.656996
1.583495	0.463974	0.656842
1.583888	0.464529	0.656685
1.584281	0.465092	0.656532
1.584675	0.465654	0.656377
1.585068	0.46621	0.65622
1.58546	0.466771	0.656066
1.585853	0.467335	0.655912
1.586245	0.467891	0.655756
1.586637	0.468453	0.655601
1.587029	0.469016	0.655447
1.587421	0.469577	0.655292
1.587813	0.470135	0.655137
1.588204	0.470697	0.654982
1.588595	0.471261	0.654829
1.588986	0.471819	0.654673
1.589377	0.472382	0.654518
1.589768	0.472944	0.654364
1.590158	0.473504	0.654209
1.590548	0.474066	0.654055
1.590938	0.47463	0.6539
1.591328	0.475187	0.653745
1.591718	0.475751	0.653591
1.592107	0.476316	0.653437
1.592496	0.476874	0.653281
1.592885	0.477438	0.653128
1.593274	0.478002	0.652974
1.593663	0.478565	0.652819
1.594052	0.479124	0.652664
1.59444	0.47969	0.652511
1.594828	0.480255	0.652357
1.595216	0.480813	0.652201
1.595604	0.481377	0.652047
1.595991	0.481943	0.651894
1.596379	0.482501	0.651738
1.596766	0.483067	0.651584
1.597153	0.483632	0.651431
1.59754	0.484191	0.651276
1.597926	0.484758	0.651123
1.598313	0.485322	0.650969
1.598699	0.485882	0.650813
1.599085	0.486447	0.65066
1.599471	0.487013	0.650506
1.599857	0.487573	0.650351
1.600242	0.488139	0.650198
1.600627	0.488706	0.650045
1.601013	0.48927	0.649891
1.601398	0.489832	0.649736
1.601782	0.490399	0.649583
1.602167	0.490964	0.64943
1.602551	0.491526	0.649274
1.602936	0.492093	0.649122
1.60332	0.492658	0.648968
1.603703	0.493221	0.648814
1.604087	0.493787	0.64866
1.60447	0.494354	0.648507
1.604854	0.494914	0.648352
1.605237	0.495482	0.648199
1.60562	0.49605	0.648046
1.606003	0.496611	0.647891
1.606385	0.497177	0.647738
1.606768	0.497745	0.647585
1.60715	0.498307	0.64743
1.607532	0.498875	0.647277
1.607914	0.499443	0.647125
1.608295	0.50001	0.646971
1.608677	0.500572	0.646817
1.609058	0.501141	0.646664
1.609439	0.501708	0.646511
1.60982	0.50227	0.646356
1.610201	0.502839	0.646204
1.610581	0.503407	0.64605
1.610962	0.50397	0.645896
1.611342	0.504538	0.645743
1.611722	0.505107	0.64559
1.612102	0.505668	0.645435
1.612482	0.506239	0.645284
1.612861	0.506807	0.64513
1.61324	0.507369	0.644976
1.61362	0.507938	0.644823
1.613998	0.508508	0.644671
1.614377	0.509077	0.644519
1.614756	0.50964	0.644364
1.615134	0.510209	0.644211
1.615513	0.510778	0.644059
1.615891	0.511341	0.643904
1.616269	0.511912	0.643752
1.616646	0.512481	0.6436
1.617024	0.513046	0.643445
1.617401	0.513616	0.643293
1.617778	0.514185	0.64314
1.618155	0.51475	0.642987
1.618532	0.515318	0.642833
1.618909	0.515889	0.642682
1.619285	0.516452	0.642527
1.619662	0.517025	0.642375
1.620038	0.517594	0.642222
1.620414	0.518158	0.642068
1.62079	0.518729	0.641916
1.621165	0.5193	0.641764
1.621541	0.51987	0.641612
1.621916	0.520435	0.641458
1.622291	0.521005	0.641305
1.622666	0.521575	0.641152
1.623041	0.522141	0.640999
1.623415	0.522712	0.640847
1.62379	0.523283	0.640694
1.624164	0.523848	0.640541
1.624538	0.524418	0.640388
1.624912	0.52499	0.640236
1.625286	0.525555	0.640082
1.625659	0.526126	0.63993
1.626032	0.526697	0.639778
1.626406	0.527263	0.639624
1.626779	0.527835	0.639472
1.627151	0.528405	0.63932
1.627524	0.528972	0.639167
1.627897	0.529544	0.639014
1.628269	0.530115	0.638862
1.628641	0.530681	0.638708
1.629013	0.531252	0.638556
1.629385	0.531825	0.638404
1.629757	0.532398	0.638253
1.630128	0.532963	0.638099
1.6305	0.533535	0.637947
1.630871	0.534107	0.637795
1.631242	0.534673	0.637641
1.631613	0.535246	0.637489
1.631983	0.535819	0.637338
1.632354	0.536385	0.637184
1.632724	0.536956	0.637031
1.633094	0.53753	0.63688
1.633464	0.538095	0.636726
1.633834	0.538669	0.636574
1.634204	0.53924	0.636422
1.634573	0.539807	0.636268
1.634942	0.540381	0.636117
1.635312	0.540954	0.635965
1.635681	0.541521	0.635812
1.636049	0.542095	0.63566
1.636418	0.542667	0.635508
1.636786	0.543233	0.635355
1.637155	0.543806	0.635203
1.637523	0.544381	0.635052
1.637891	0.544947	0.634898
1.638259	0.545521	0.634746
1.638626	0.546093	0.634594
1.638994	0.546666	0.634442
1.639361	0.547235	0.634289
1.639728	0.547808	0.634138
1.640095	0.548381	0.633985
1.640462	0.548949	0.633832
1.640829	0.549523	0.633681
1.641195	0.550096	0.633529
1.641562	0.550662	0.633375
1.641928	0.551237	0.633224
1.642294	0.551811	0.633072
1.64266	0.552378	0.632918
1.643025	0.552953	0.632767
1.643391	0.553526	0.632615
1.643756	0.554093	0.632462
1.644122	0.554667	0.63231
1.644487	0.55524	0.632158
1.644851	0.555811	0.632005
1.645216	0.556382	0.631853
1.645581	0.556957	0.631702
1.645945	0.557525	0.631548
1.646309	0.558099	0.631397
1.646673	0.558674	0.631246
1.647037	0.559243	0.631092
1.647401	0.559816	0.630941
1.647765	0.560392	0.630789
1.648128	0.560958	0.630635
1.648491	0.561532	0.630484
1.648854	0.562107	0.630332
1.649217	0.562681	0.63018
1.64958	0.56325	0.630027
1.649943	0.563824	0.629876
1.650305	0.5644	0.629725
1.650668	0.564969	0.629571
1.65103	0.565542	0.629419
1.651392	0.566117	0.629268
1.651753	0.566685	0.629114
1.652115	0.567261	0.628963
1.652477	0.567835	0.628812
1.652838	0.568403	0.628658
1.653199	0.568978	0.628507
1.65356	0.569553	0.628356
1.653921	0.570121	0.628202
1.654282	0.570696	0.62805
1.654642	0.571272	0.627899
1.655003	0.571839	0.627745
1.655363	0.572415	0.627594
1.655723	0.572991	0.627443
1.656083	0.573559	0.627289
1.656443	0.574133	0.627138
1.656803	0.574708	0.626986
1.657162	0.575278	0.626832
1.657521	0.575853	0.626681
1.65788	0.576427	0.626529
1.658239	0.576997	0.626377
1.658598	0.57757	0.626224
1.658957	0.578145	0.626073
1.659316	0.578716	0.62592
1.659674	0.57929	0.625768
1.660032	0.579866	0.625617
1.66039	0.580435	0.625464
1.660748	0.581008	0.625311
1.661106	0.581585	0.62516
1.661463	0.582155	0.625007
1.661821	0.582729	0.624855
1.662178	0.583305	0.624704
1.662535	0.583872	0.62455
1.662892	0.584449	0.624399
1.663249	0.585024	0.624248
1.663606	0.585592	0.624094
1.663962	0.586168	0.623942
1.664319	0.586743	0.623791
1.664675	0.587311	0.623637
1.665031	0.587888	0.623486
1.665387	0.588462	0.623334
1.665743	0.589032	0.623181
1.666099	0.589608	0.62303
1.666454	0.590181	0.622877
1.666809	0.59075	0.622723
1.667165	0.591327	0.622573
1.66752	0.591901	0.622421
1.667874	0.592471	0.622267
1.668229	0.593045	0.622115
1.668584	0.59362	0.621964
1.668938	0.594191	0.621811
1.669292	0.594766	0.621659
1.669647	0.595341	0.621507
1.67	0.59591	0.621354
1.670354	0.596487	0.621203
1.670708	0.59706	0.62105
1.671061	0.597629	0.620896
1.671415	0.598204	0.620745
1.671768	0.59878	0.620593
1.672121	0.599349	0.62044
1.672474	0.599923	0.620288
1.672827	0.6005	0.620136
1.673179	0.601069	0.619983
1.673532	0.601645	0.619831
1.673884	0.602217	0.619679
1.674236	0.602787	0.619525
1.674588	0.603363	0.619373
1.67494	0.603937	0.619222
1.675292	0.604507	0.619068
1.675644	0.605081	0.618916
1.675995	0.605657	0.618764
1.676346	0.606227	0.618611
1.676697	0.606802	0.618459
1.677048	0.607377	0.618308
1.677399	0.607945	0.618153
1.67775	0.60852	0.618001
1.6781	0.609094	0.617849
1.678451	0.609663	0.617695
1.678801	0.610238	0.617544
1.679151	0.610813	0.617391
1.679501	0.611382	0.617238
1.679851	0.611956	0.617086
1.680201	0.612531	0.616934
1.68055	0.613099	0.61678
1.6809	0.613674	0.616628
1.681249	0.61425	0.616476
1.681598	0.614819	0.616322
1.681947	0.615393	0.61617
1.682296	0.615968	0.616018
1.682644	0.616536	0.615864
1.682993	0.617111	0.615712
1.683341	0.617686	0.61556
1.68369	0.618254	0.615405
1.684038	0.618828	0.615253
1.684386	0.619402	0.615101
1.684733	0.619973	0.614948
1.685081	0.620544	0.614794
1.685429	0.621113	0.61464
1.685776	0.621689	0.614489
1.686123	0.622263	0.614336
1.68647	0.622831	0.614182
1.686817	0.623404	0.614029
1.687164	0.623979	0.613878
1.687511	0.624546	0.613723
1.687857	0.62512	0.61357
1.688203	0.625696	0.613419
1.68855	0.626264	0.613265
1.688896	0.626837	0.613112
1.689242	0.627412	0.61296
1.689588	0.627979	0.612805
1.689933	0.628551	0.612652
1.690279	0.629127	0.6125
1.690624	0.629695	0.612346
1.690969	0.630268	0.612193
1.691314	0.630841	0.612041
1.691659	0.631409	0.611886
1.692004	0.631984	0.611734
1.692349	0.632556	0.611581
1.692693	0.633125	0.611427
1.693038	0.633697	0.611274
1.693382	0.634264	0.611119
1.693726	0.634837	0.610966
1.69407	0.635411	0.610814
1.694414	0.635979	0.61066
1.694758	0.636552	0.610506
1.695101	0.637126	0.610354
1.695445	0.637691	0.610198
1.695788	0.638266	0.610047
1.696131	0.638838	0.609893
1.696474	0.639404	0.609738
1.696817	0.639976	0.609585
1.69716	0.640549	0.609432
1.697502	0.641116	0.609277
1.697845	0.641689	0.609124
1.698187	0.642263	0.608972
1.698529	0.642828	0.608817
1.698871	0.643402	0.608664
1.699213	0.643967	0.608508
1.699555	0.64454	0.608356
1.699896	0.645111	0.608202
1.700238	0.645677	0.608047
1.700579	0.64625	0.607894
1.70092	0.646822	0.607741
1.701262	0.647389	0.607586
1.701603	0.64796	0.607432
1.701943	0.648533	0.607279
1.702284	0.649098	0.607124
1.702624	0.649668	0.60697
1.702965	0.65024	0.606817
1.703305	0.650806	0.606662
1.703645	0.651377	0.606508
1.703985	0.651944	0.606353
1.704325	0.652515	0.606199
1.704665	0.653085	0.606045
1.705004	0.653651	0.60589
1.705344	0.654221	0.605736
1.705683	0.654792	0.605582
1.706022	0.655357	0.605427
1.706361	0.655928	0.605273
1.7067	0.6565	0.60512
1.707039	0.657065	0.604965
1.707378	0.657634	0.60481
1.707716	0.6582	0.604655
1.708055	0.658769	0.6045
1.708393	0.65934	0.604347
1.708731	0.659903	0.604191
1.709069	0.660475	0.604037
1.709407	0.661043	0.603882
1.709744	0.661607	0.603726
1.710082	0.662178	0.603573
1.710419	0.662741	0.603416
1.710757	0.663312	0.603263
1.711094	0.663881	0.603109
1.711431	0.664443	0.602952
1.711768	0.665013	0.602798
1.712104	0.665584	0.602644
1.712441	0.666147	0.602488
1.712777	0.666716	0.602333
1.713114	0.667286	0.602179
1.71345	0.667849	0.602023
1.713786	0.668417	0.601868
1.714122	0.668981	0.601712
1.714458	0.66955	0.601558
1.714794	0.670119	0.601404
1.715129	0.67068	0.601246
1.715465	0.671247	0.601091
1.7158	0.671816	0.600936
1.716135	0.672377	0.60078
1.71647	0.672946	0.600625
1.716805	0.673508	0.600469
1.71714	0.674075	0.600314
1.717475	0.674643	0.600159
1.717809	0.675204	0.600002
1.718144	0.675774	0.599848
1.718478	0.676339	0.599692
1.718812	0.676901	0.599535
1.719146	0.677468	0.59938
1.71948	0.678031	0.599223
1.719814	0.678597	0.599067
1.720147	0.679164	0.598913
1.720481	0.679726	0.598756
1.720814	0.68029	0.5986
1.721147	0.680857	0.598445
1.72148	0.681417	0.598288
1.721813	0.681985	0.598133
1.722146	0.682544	0.597975
1.722479	0.68311	0.597819
1.722812	0.683676	0.597664
1.723144	0.684236	0.597507
1.723476	0.684801	0.59735
1.723809	0.68536	0.597193
1.724141	0.685927	0.597038
1.724473	0.686491	0.596881
1.724805	0.68705	0.596724
1.725136	0.687615	0.596568
1.725468	0.688179	0.596411
1.725799	0.688739	0.596254
1.72613	0.689305	0.596098
1.726462	0.689861	0.59594
1.726793	0.690427	0.595784
1.727124	0.690991	0.595628
1.727454	0.691549	0.59547
1.727785	0.692112	0.595313
1.728116	0.69267	0.595155
1.728446	0.693235	0.594999
1.728776	0.693799	0.594843
1.729107	0.694356	0.594685
1.729437	0.694918	0.594528
1.729766	0.695476	0.594369
1.730096	0.69604	0.594213
1.730426	0.696603	0.594057
1.730756	0.697159	0.593898
1.731085	0.697721	0.593741
1.731414	0.698284	0.593585
1.731743	0.69884	0.593426
1.732072	0.6994	0.593268
1.732401	0.699958	0.59311
1.73273	0.700521	0.592953
1.733059	0.701082	0.592796
1.733387	0.701637	0.592637
1.733716	0.702198	0.59248
1.734044	0.702752	0.59232
1.734372	0.703314	0.592163
1.7347	0.703876	0.592006
1.735028	0.704431	0.591847
1.735356	0.704992	0.59169
1.735684	0.705546	0.59153
1.736011	0.706104	0.591372
1.736339	0.706666	0.591215
1.736666	0.707219	0.591055
1.736993	0.707779	0.590898
1.73732	0.708332	0.590737
1.737647	0.708892	0.59058
1.737974	0.709452	0.590422
1.738301	0.710005	0.590262
1.738627	0.710563	0.590104
1.738954	0.711118	0.589945
1.73928	0.711676	0.589787
1.739606	0.712235	0.589629
1.739932	0.712787	0.589468
1.740258	0.713346	0.589311
1.740584	0.713895	0.589149
1.74091	0.714455	0.588991
1.741235	0.715006	0.588831
1.741561	0.715562	0.588672
1.741886	0.71612	0.588514
1.742211	0.71667	0.588353
1.742536	0.717228	0.588194
1.742861	0.71778	0.588034
1.743186	0.718335	0.587875
1.743511	0.718893	0.587717
1.743836	0.719443	0.587556
1.74416	0.719999	0.587397
1.744484	0.720549	0.587236
1.744809	0.721105	0.587077
1.745133	0.721659	0.586917
1.745457	0.722209	0.586756
1.745781	0.722765	0.586597
1.746104	0.723312	0.586435
1.746428	0.723868	0.586277
1.746752	0.724416	0.586115
1.747075	0.724971	0.585955
1.747398	0.725525	0.585796
1.747722	0.726074	0.585635
1.748045	0.726627	0.585475
1.748368	0.727174	0.585313
1.74869	0.727728	0.585153
1.749013	0.728282	0.584994
1.749336	0.728828	0.584831
1.749658	0.72938	0.584671
1.74998	0.729929	0.584509
1.750303	0.73048	0.584349
1.750625	0.731026	0.584187
1.750947	0.731578	0.584026
1.751269	0.732132	0.583867
1.75159	0.732675	0.583704
1.751912	0.733228	0.583543
1.752234	0.733772	0.58338
1.752555	0.734323	0.58322
1.752876	0.734867	0.583057
1.753197	0.735418	0.582896
1.753518	0.73597	0.582736
1.753839	0.736513	0.582573
1.75416	0.737063	0.582412
1.754481	0.737607	0.582249
1.754801	0.738157	0.582088
1.755122	0.7387	0.581924
1.755442	0.739249	0.581763
1.755762	0.739798	0.581602
1.756083	0.740339	0.581438
1.756402	0.740891	0.581278
1.756722	0.741432	0.581114
1.757042	0.74198	0.580953
1.757362	0.74252	0.580788
1.757681	0.743069	0.580627
1.758001	0.743616	0.580465
1.75832	0.744157	0.5803
1.758639	0.744704	0.580139
1.758958	0.745245	0.579975
1.759277	0.745791	0.579813
1.759596	0.74633	0.579648
1.759915	0.746877	0.579486
1.760233	0.747417	0.579322
1.760552	0.747962	0.579159
1.76087	0.748507	0.578997
1.761188	0.749046	0.578832
1.761506	0.749593	0.57867
1.761824	0.750131	0.578505
1.762142	0.750674	0.578342
1.76246	0.751212	0.578177
1.762778	0.751756	0.578014
1.763095	0.752294	0.577849
1.763413	0.752839	0.577687
1.76373	0.75338	0.577523
1.764047	0.753919	0.577358
1.764364	0.754461	0.577194
1.764682	0.754998	0.577029
1.764998	0.75554	0.576866
1.765315	0.756074	0.576699
1.765632	0.756616	0.576536
1.765948	0.757152	0.576371
1.766265	0.757693	0.576207
1.766581	0.758234	0.576043
1.766897	0.758769	0.575877
1.767213	0.759309	0.575712
1.767529	0.759844	0.575546
1.767845	0.760384	0.575382
1.768161	0.760918	0.575216
1.768476	0.761456	0.575051
1.768792	0.76199	0.574885
1.769107	0.76253	0.57472
1.769423	0.763062	0.574554
1.769738	0.763599	0.574389
1.770053	0.764133	0.574222
1.770368	0.764668	0.574057
1.770683	0.765208	0.573893
1.770998	0.76574	0.573726
1.771312	0.766276	0.57356
1.771627	0.766807	0.573392
1.771941	0.767343	0.573227
1.772255	0.767874	0.57306
1.77257	0.768409	0.572894
1.772884	0.76894	0.572727
1.773198	0.769473	0.572561
1.773511	0.770005	0.572394
1.773825	0.770539	0.572228
1.774139	0.771069	0.57206
1.774452	0.771601	0.571893
1.774766	0.772136	0.571727
1.775079	0.772663	0.571559
1.775392	0.773197	0.571393
1.775705	0.773724	0.571225
1.776018	0.774258	0.571058
1.776331	0.774785	0.57089
1.776644	0.775315	0.570722
1.776956	0.775841	0.570553
1.777269	0.776373	0.570387
1.777581	0.776899	0.570218
1.777894	0.77743	0.570051
1.778206	0.777956	0.569882
1.778518	0.778486	0.569714
1.77883	0.77901	0.569545
1.779142	0.77954	0.569378
1.779453	0.780065	0.569209
1.779765	0.780595	0.569041
1.780077	0.781117	0.568871
1.780388	0.781645	0.568703
1.780699	0.782167	0.568533
1.781011	0.782696	0.568365
1.781322	0.783218	0.568195
1.781633	0.783745	0.568027
1.781943	0.784275	0.56786
1.782254	0.784796	0.567689
1.782565	0.785322	0.56752
1.782875	0.785843	0.56735
1.783186	0.786369	0.567182
1.783496	0.786889	0.56701
1.783806	0.787414	0.566841
1.784117	0.787934	0.566671
1.784427	0.788459	0.566502
1.784736	0.788975	0.56633
1.785046	0.789502	0.566162
1.785356	0.790019	0.56599
1.785666	0.790543	0.565821
1.785975	0.79106	0.565649
1.786284	0.791584	0.56548
1.786594	0.7921	0.565308
1.786903	0.792623	0.565137
1.787212	0.793138	0.564965
1.787521	0.793661	0.564796
1.78783	0.794175	0.564624
1.788138	0.794697	0.564453
1.788447	0.795211	0.564281
1.788755	0.795731	0.56411
1.789064	0.796246	0.563938
1.789372	0.796766	0.563767
1.78968	0.797279	0.563594
1.789988	0.797799	0.563424
1.790296	0.798311	0.563251
1.790604	0.79883	0.56308
1.790912	0.799342	0.562906
1.79122	0.799861	0.562736
1.791527	0.800371	0.562562
1.791835	0.800889	0.562391
1.792142	0.801398	0.562216
1.792449	0.801915	0.562045
1.792756	0.802427	0.561871
1.793063	0.802942	0.5617
1.79337	0.80345	0.561525
1.793677	0.803966	0.561353
1.793984	0.804474	0.561178
1.794291	0.804982	0.561004
1.794597	0.805497	0.560832
1.794904	0.806003	0.560657
1.79521	0.806518	0.560485
1.795516	0.807025	0.56031
1.795822	0.807537	0.560137
1.796128	0.808044	0.559962
1.796434	0.808556	0.559789
1.79674	0.809061	0.559613
1.797045	0.809573	0.559441
1.797351	0.810077	0.559265
1.797656	0.810589	0.559092
1.797962	0.811092	0.558915
1.798267	0.811602	0.558742
1.798572	0.812107	0.558566
1.798877	0.812614	0.558392
1.799182	0.813116	0.558216
1.799487	0.813626	0.558042
1.799792	0.814127	0.557865
1.800096	0.814635	0.557691
1.800401	0.815136	0.557514
1.800705	0.815637	0.557338
1.80101	0.816144	0.557163
1.801314	0.816644	0.556986
1.801618	0.81715	0.556811
1.801922	0.817648	0.556633
1.802226	0.818153	0.556458
1.80253	0.818652	0.556281
1.802833	0.819157	0.556106
1.803137	0.819656	0.555928
1.803441	0.820159	0.555753
1.803744	0.820654	0.555574
1.804047	0.821158	0.555398
1.80435	0.821655	0.555221
1.804654	0.822151	0.555042
1.804957	0.822653	0.554866
1.805259	0.823147	0.554687
1.805562	0.823647	0.55451
1.805865	0.824143	0.554332
1.806168	0.824642	0.554155
1.80647	0.825134	0.553975
1.806772	0.825635	0.5538
1.807075	0.826128	0.55362
1.807377	0.826628	0.553443
1.807679	0.827118	0.553263
1.807981	0.827609	0.553083
1.808283	0.828107	0.552906
1.808585	0.828599	0.552726
1.808886	0.829093	0.552547
1.809188	0.829585	0.552368
1.809489	0.830081	0.55219
1.809791	0.830571	0.55201
1.810092	0.831063	0.551831
1.810393	0.831554	0.551651
1.810694	0.83204	0.55147
1.810995	0.832535	0.551292
1.811296	0.833019	0.55111
1.811597	0.833515	0.550932
1.811898	0.834	0.55075
1.812198	0.834491	0.55057
1.812499	0.834978	0.55039
1.812799	0.83547	0.550211
1.813099	0.835954	0.550028
1.8134	0.836437	0.549846
1.8137	0.836927	0.549666
1.814	0.837411	0.549484
1.814299	0.8379	0.549304
1.814599	0.838384	0.549122
1.814899	0.838873	0.548942
1.815199	0.839353	0.548759
1.815498	0.839833	0.548576
1.815797	0.84032	0.548395
1.816097	0.840801	0.548212
1.816396	0.841287	0.548031
1.816695	0.841767	0.547848
1.816994	0.842246	0.547665
1.817293	0.842732	0.547484
1.817592	0.843207	0.547299
1.81789	0.843693	0.547118
1.818189	0.844171	0.546934
1.818488	0.844654	0.546752
1.818786	0.845131	0.546568
1.819084	0.845607	0.546384
1.819382	0.846088	0.546201
1.819681	0.846564	0.546017
1.819979	0.847045	0.545834
1.820276	0.847519	0.545649
1.820574	0.847991	0.545464
1.820872	0.848473	0.545281
1.82117	0.848945	0.545096
1.821467	0.849425	0.544913
1.821765	0.849895	0.544727
1.822062	0.850375	0.544544
1.822359	0.850845	0.544357
1.822656	0.851316	0.544172
1.822953	0.851794	0.543989
1.82325	0.852261	0.543801
1.823547	0.852737	0.543617
1.823844	0.853205	0.54343
1.824141	0.853675	0.543244
1.824437	0.85415	0.54306
1.824734	0.854616	0.542872
1.82503	0.85509	0.542688
1.825326	0.855557	0.5425
1.825622	0.856022	0.542313
1.825918	0.856493	0.542128
1.826214	0.856958	0.54194
1.82651	0.857429	0.541754
1.826806	0.857894	0.541566
1.827102	0.858357	0.541378
1.827397	0.858827	0.541192
1.827693	0.85929	0.541004
1.827988	0.859753	0.540815
1.828284	0.860221	0.540629
1.828579	0.860682	0.54044
1.828874	0.86115	0.540254
1.829169	0.861608	0.540064
1.829464	0.862069	0.539875
1.829759	0.862536	0.539688
1.830054	0.862995	0.539499
1.830348	0.863458	0.539311
1.830643	0.863918	0.539122
1.830937	0.864374	0.538931
1.831232	0.864839	0.538744
1.831526	0.865293	0.538553
1.83182	0.865749	0.538363
1.832114	0.866213	0.538175
1.832408	0.866665	0.537983
1.832702	0.867128	0.537795
1.832996	0.867581	0.537604
1.833289	0.868034	0.537412
1.833583	0.868494	0.537223
1.833877	0.868947	0.537032
1.83417	0.869399	0.536841
1.834463	0.869857	0.536651
1.834757	0.870309	0.53646
1.83505	0.870758	0.536267
1.835343	0.871214	0.536077
1.835636	0.871663	0.535885
1.835929	0.87212	0.535695
1.836221	0.872568	0.535501
1.836514	0.873015	0.535309
1.836807	0.87347	0.535118
1.837099	0.873918	0.534926
1.837391	0.874363	0.534732
1.837684	0.874814	0.53454
1.837976	0.87526	0.534347
1.838268	0.875706	0.534154
1.83856	0.876155	0.533961
1.838852	0.8766	0.533768
1.839144	0.877042	0.533573
1.839436	0.877493	0.533382
1.839727	0.877934	0.533186
1.840019	0.878383	0.532995
1.84031	0.878824	0.532799
1.840602	0.879265	0.532604
1.840893	0.879712	0.532412
1.841184	0.880151	0.532216
1.841475	0.880591	0.532021
1.841766	0.881036	0.531828
1.842057	0.881473	0.531632
1.842348	0.88191	0.531436
1.842639	0.882355	0.531242
1.842929	0.88279	0.531045
1.84322	0.883225	0.530849
1.84351	0.883667	0.530655
1.843801	0.884103	0.530458
1.844091	0.884537	0.530261
1.844381	0.884977	0.530066
1.844671	0.885411	0.529869
1.844961	0.885845	0.529672
1.845251	0.886283	0.529477
1.845541	0.886715	0.52928
1.845831	0.887145	0.529082
1.84612	0.887582	0.528885
1.84641	0.888012	0.528687
1.846699	0.888442	0.528489
1.846989	0.888877	0.528293
1.847278	0.889305	0.528094
1.847567	0.889733	0.527896
1.847856	0.890165	0.527698
1.848145	0.890593	0.5275
1.848434	0.891019	0.527301
1.848723	0.891444	0.527101
1.849012	0.891877	0.526904
1.8493	0.8923	0.526704
1.849589	0.892724	0.526504
1.849877	0.893154	0.526306
1.850166	0.893575	0.526105
1.850454	0.894	0.525906
1.850742	0.894425	0.525706
1.85103	0.894846	0.525505
1.851318	0.895269	0.525306
1.851606	0.895695	0.525106
1.851894	0.896112	0.524904
1.852182	0.896532	0.524703
1.852469	0.89695	0.524502
1.852757	0.897374	0.524302
1.853044	0.897792	0.5241
1.853332	0.898207	0.523898
1.853619	0.898629	0.523698
1.853906	0.899045	0.523495
1.854193	0.89946	0.523293
1.85448	0.899881	0.523092
1.854767	0.900294	0.522889
1.855054	0.900705	0.522685
1.855341	0.901119	0.522482
1.855628	0.901538	0.522281
1.855914	0.901949	0.522078
1.856201	0.902359	0.521874
1.856487	0.902775	0.521672
1.856773	0.903185	0.521468
1.85706	0.903595	0.521264
1.857346	0.904001	0.521058
1.857632	0.904416	0.520856
1.857918	0.904824	0.520652
1.858204	0.905229	0.520447
1.85849	0.90564	0.520243
1.858775	0.906046	0.520038
1.859061	0.906453	0.519833
1.859346	0.906855	0.519626
1.859632	0.907266	0.519423
1.859917	0.90767	0.519218
1.860202	0.90807	0.51901
1.860488	0.908479	0.518807
1.860773	0.908879	0.518599
1.861058	0.909279	0.518393
1.861343	0.909678	0.518185
1.861627	0.910085	0.517981
1.861912	0.910483	0.517773
1.862197	0.910882	0.517566
1.862481	0.911278	0.517358
1.862766	0.911683	0.517153
1.86305	0.912078	0.516944
1.863335	0.912474	0.516736
1.863619	0.912869	0.516528
1.863903	0.913268	0.516321
1.864187	0.913662	0.516113
1.864471	0.914055	0.515903
1.864755	0.91445	0.515695
1.865039	0.914847	0.515488
1.865322	0.915238	0.515278
1.865606	0.915626	0.515067
1.865889	0.916017	0.514858
1.866173	0.916412	0.51465
1.866456	0.916801	0.51444
1.866739	0.917188	0.514229
1.867023	0.917576	0.514019
1.867306	0.91797	0.513811
1.867589	0.918357	0.5136
1.867872	0.918742	0.513388
1.868154	0.919124	0.513176
1.868437	0.919516	0.512967
1.86872	0.9199	0.512756
1.869002	0.920283	0.512544
1.869285	0.920664	0.512332
1.869567	0.921054	0.512122
1.86985	0.921435	0.51191
1.870132	0.921814	0.511696
1.870414	0.922195	0.511484
1.870696	0.922578	0.511273
1.870978	0.922957	0.511059
1.87126	0.923334	0.510846
1.871542	0.923711	0.510632
1.871824	0.924088	0.510418
1.872105	0.924469	0.510207
1.872387	0.924844	0.509992
1.872668	0.925219	0.509778
1.87295	0.925594	0.509564
1.873231	0.925974	0.509352
1.873512	0.926344	0.509136
1.873793	0.926718	0.508922
1.874074	0.927088	0.508706
1.874355	0.927459	0.508491
1.874636	0.927835	0.508277
1.874917	0.928204	0.508062
1.875198	0.928573	0.507846
1.875479	0.92894	0.507629
1.875759	0.929307	0.507412
1.876039	0.929681	0.507198
1.87632	0.930045	0.506981
1.8766	0.93041	0.506764
1.87688	0.930775	0.506547
1.87716	0.931147	0.506333
1.877441	0.931509	0.506115
1.87772	0.931871	0.505896
1.878	0.932231	0.505678
1.87828	0.932592	0.50546
1.87856	0.932959	0.505244
1.878839	0.93332	0.505026
1.879119	0.933679	0.504807
1.879399	0.934036	0.504587
1.879678	0.934393	0.504368
1.879957	0.934752	0.504149
1.880236	0.935113	0.503932
1.880516	0.93547	0.503713
1.880795	0.935823	0.503491
1.881074	0.936177	0.503272
1.881352	0.93653	0.503051
1.881631	0.936892	0.502834
1.88191	0.937244	0.502613
1.882189	0.937593	0.502391
1.882467	0.937944	0.50217
1.882746	0.938294	0.501949
1.883024	0.938649	0.50173
1.883302	0.939	0.501509
1.883581	0.939345	0.501285
1.883859	0.939693	0.501064
1.884137	0.94004	0.500842
1.884415	0.940386	0.500619
1.884693	0.940736	0.500398
1.88497	0.94108	0.500175
1.885248	0.941425	0.499952
1.885526	0.941767	0.499729
1.885803	0.942111	0.499506
1.886081	0.94245	0.499281
1.886358	0.942799	0.49906
1.886636	0.943139	0.498836
1.886913	0.943477	0.498611
1.88719	0.943818	0.498388
1.887467	0.944154	0.498162
1.887744	0.94449	0.497936
1.888021	0.944826	0.497711
1.888298	0.945169	0.497489
1.888575	0.945505	0.497264
1.888851	0.945839	0.497038
1.889128	0.946172	0.496811
1.889404	0.946506	0.496585
1.889681	0.946838	0.496359
1.889957	0.947177	0.496135
1.890233	0.947506	0.495908
1.89051	0.947836	0.495681
1.890786	0.948166	0.495454
1.891062	0.948492	0.495225
1.891338	0.94882	0.494998
1.891614	0.949148	0.49477
1.891889	0.94948	0.494545
1.892165	0.949806	0.494316
1.892441	0.950132	0.494088
1.892716	0.950455	0.493859
1.892992	0.950779	0.493631
1.893267	0.9511	0.493401
1.893542	0.951424	0.493173
1.893818	0.951743	0.492943
1.894093	0.95207	0.492715
1.894368	0.952389	0.492485
1.894643	0.952709	0.492255
1.894918	0.953026	0.492024
1.895193	0.953343	0.491793
1.895467	0.953658	0.491562
1.895742	0.953976	0.491332
1.896016	0.954291	0.4911
1.896291	0.954611	0.490871
1.896565	0.954925	0.490641
1.89684	0.955238	0.490409
1.897114	0.955552	0.490177
1.897388	0.955863	0.489945
1.897662	0.956171	0.489711
1.897936	0.956482	0.489479
1.89821	0.956791	0.489246
1.898484	0.957098	0.489012
1.898758	0.957411	0.488781
1.899032	0.95772	0.488549
1.899305	0.958027	0.488315
1.899579	0.958331	0.488081
1.899852	0.958633	0.487846
1.900126	0.958938	0.487612
1.900399	0.959242	0.487378
1.900672	0.959543	0.487142
1.900946	0.959843	0.486907
1.901219	0.960143	0.486671
1.901492	0.960452	0.48644
1.901765	0.960751	0.486203
1.902037	0.961049	0.485967
1.90231	0.961346	0.485732
1.902583	0.961643	0.485495
1.902856	0.961936	0.485257
1.903128	0.962234	0.485022
1.903401	0.962526	0.484784
1.903673	0.962822	0.484548
1.903945	0.963114	0.48431
1.904217	0.963405	0.484072
1.90449	0.963704	0.483837
1.904762	0.963995	0.4836
1.905034	0.964282	0.48336
1.905306	0.964572	0.483122
1.905577	0.964859	0.482883
1.905849	0.965146	0.482644
1.906121	0.965433	0.482405
1.906392	0.965719	0.482165
1.906664	0.966004	0.481926
1.906935	0.966289	0.481687
1.907207	0.96657	0.481446
1.907478	0.966853	0.481206
1.907749	0.967136	0.480966
1.90802	0.967414	0.480724
1.908291	0.967695	0.480483
1.908562	0.96798	0.480245
1.908833	0.968259	0.480003
1.909104	0.968537	0.479762
1.909375	0.968814	0.47952
1.909646	0.96909	0.479278
1.909916	0.969367	0.479037
1.910187	0.969639	0.478793
1.910457	0.969911	0.47855
1.910728	0.970185	0.478307
1.910998	0.970458	0.478064
1.911268	0.970729	0.477821
1.911538	0.970999	0.477578
1.911808	0.971269	0.477334
1.912078	0.971536	0.477089
1.912348	0.971804	0.476845
1.912618	0.972072	0.4766
1.912888	0.972339	0.476357
1.913157	0.972602	0.476111
1.913427	0.972868	0.475866
1.913697	0.973132	0.47562
1.913966	0.973394	0.475375
1.914235	0.973656	0.475128
1.914505	0.973924	0.474885
1.914774	0.974185	0.474639
1.915043	0.974444	0.474392
1.915312	0.974705	0.474146
1.915581	0.974959	0.473898
1.91585	0.975218	0.473651
1.916119	0.975473	0.473403
1.916388	0.975729	0.473156
1.916656	0.975986	0.472909
1.916925	0.976238	0.47266
1.917194	0.97649	0.472412
1.917462	0.976742	0.472163
1.917731	0.976994	0.471915
1.917999	0.977245	0.471665
1.918267	0.977495	0.471416
1.918535	0.977743	0.471166
1.918803	0.97799	0.470917
1.919071	0.978238	0.470667
1.919339	0.978484	0.470417
1.919607	0.978729	0.470166
1.919875	0.978975	0.469916
1.920143	0.979219	0.469665
1.920411	0.97946	0.469413
1.920678	0.979703	0.469162
1.920946	0.979944	0.468911
1.921213	0.980185	0.46866
1.92148	0.980424	0.468407
1.921748	0.980661	0.468154
1.922015	0.9809	0.467903
1.922282	0.981137	0.46765
1.922549	0.981371	0.467396
1.922816	0.981608	0.467144
1.923083	0.98184	0.466889
1.92335	0.982074	0.466636
1.923617	0.982307	0.466382
1.923883	0.982539	0.466128
1.92415	0.982771	0.465875
1.924416	0.982999	0.465619
1.924683	0.983229	0.465365
1.924949	0.983457	0.46511
1.925216	0.983685	0.464855
1.925482	0.983911	0.464598
1.925748	0.984136	0.464343
1.926014	0.984362	0.464087
1.92628	0.984585	0.463831
1.926546	0.984802	0.463572
1.926812	0.985023	0.463315
1.927078	0.985244	0.463058
1.927343	0.985467	0.462802
1.927609	0.985686	0.462544
1.927875	0.985905	0.462287
1.92814	0.986121	0.462028
1.928406	0.98634	0.461771
1.928671	0.986554	0.461512
1.928936	0.986769	0.461253
1.929201	0.986983	0.460995
1.929467	0.987195	0.460735
1.929732	0.987409	0.460477
1.929997	0.98762	0.460216
1.930262	0.987832	0.459957
1.930526	0.988041	0.459697
1.930791	0.988251	0.459438
1.931056	0.988459	0.459177
1.931321	0.988667	0.458916
1.931585	0.988872	0.458655
1.93185	0.989077	0.458394
1.932114	0.989283	0.458133
1.932379	0.989479	0.457868
1.932643	0.989682	0.457607
1.932907	0.989883	0.457344
1.933171	0.990084	0.457082
1.933435	0.990284	0.45682
1.933699	0.990483	0.456557
1.933963	0.990682	0.456294
1.934227	0.990879	0.45603
1.934491	0.991074	0.455767
1.934754	0.991271	0.455503
1.935018	0.991465	0.455239
1.935282	0.991659	0.454975
1.935545	0.991851	0.45471
1.935808	0.992045	0.454446
1.936072	0.99223	0.454179
1.936335	0.992418	0.453912
1.936598	0.992607	0.453647
1.936861	0.992794	0.453381
1.937124	0.992984	0.453116
1.937387	0.993169	0.452849
1.93765	0.993354	0.452583
1.937913	0.993539	0.452316
1.938176	0.993722	0.452049
1.938439	0.993907	0.451783
1.938701	0.994087	0.451515
1.938964	0.994261	0.451244
1.939226	0.994444	0.450978
1.939489	0.99462	0.450708
1.939751	0.9948	0.450441
1.940013	0.994976	0.450172
1.940275	0.995152	0.449903
1.940538	0.99533	0.449635
1.9408	0.995504	0.449366
1.941062	0.995676	0.449095
1.941324	0.995849	0.448826
1.941585	0.996014	0.448553
1.941847	0.996185	0.448283
1.942109	0.996355	0.448012
1.942371	0.996524	0.447741
1.942632	0.996692	0.447471
1.942894	0.996859	0.4472
1.943155	0.997027	0.446928
1.943416	0.997189	0.446655
1.943678	0.997356	0.446385
1.943939	0.997512	0.446109
1.9442	0.997674	0.445837
1.944461	0.997836	0.445565
1.944722	0.997996	0.445291
1.944983	0.998156	0.445018
1.945244	0.998316	0.444745
1.945505	0.998474	0.444472
1.945765	0.998622	0.444195
1.946026	0.99878	0.443921
1.946287	0.998934	0.443646
1.946547	0.999087	0.443371
1.946808	0.99924	0.443097
1.947068	0.999391	0.442821
1.947328	0.999544	0.442547
1.947588	0.999693	0.44227
1.947849	0.999837	0.441992
1.948109	0.999984	0.441715
1.948369	1.000132	0.44144
1.948629	1.000281	0.441164
1.948889	1.000426	0.440886
1.949148	1.000569	0.440609
1.949408	1.000707	0.440329
1.949668	1.000848	0.440052
1.949927	1.00099	0.439774
1.950187	1.00113	0.439495
1.950446	1.00127	0.439217
1.950706	1.001411	0.43894
1.950965	1.001549	0.438661
1.951224	1.001677	0.438378
1.951484	1.001814	0.438099
1.951743	1.001949	0.43782
1.952002	1.002084	0.43754
1.952261	1.002216	0.43726
1.95252	1.002347	0.436979
1.952779	1.002473	0.436697
1.953037	1.002604	0.436416
1.953296	1.002732	0.436135
1.953555	1.00286	0.435853
1.953813	1.002988	0.435572
1.954072	1.003116	0.435291
1.95433	1.003233	0.435006
1.954589	1.003357	0.434723
1.954847	1.003482	0.434442
1.955105	1.003604	0.434158
1.955363	1.003725	0.433876
1.955621	1.003839	0.43359
1.95588	1.003959	0.433306
1.956137	1.004077	0.433022
1.956395	1.004194	0.432738
1.956653	1.004311	0.432454
1.956911	1.004421	0.432167
1.957169	1.004535	0.431882
1.957426	1.004649	0.431598
1.957684	1.004762	0.431312
1.957941	1.004872	0.431026
1.958199	1.004977	0.430738
1.958456	1.005087	0.430452
1.958713	1.005197	0.430167
1.958971	1.005304	0.42988
1.959228	1.00541	0.429593
1.959485	1.005508	0.429303
1.959742	1.005613	0.429016
1.959999	1.005719	0.428729
1.960256	1.005821	0.428442
1.960513	1.005924	0.428154
1.960769	1.006019	0.427863
1.961026	1.006119	0.427575
1.961282	1.006218	0.427286
1.961539	1.006316	0.426997
1.961796	1.006412	0.426707
1.962052	1.006501	0.426415
1.962308	1.006598	0.426126
1.962565	1.006691	0.425836
1.962821	1.006783	0.425546
1.963077	1.006867	0.425252
1.963333	1.006959	0.424962
1.963589	1.007049	0.42467
1.963845	1.00714	0.42438
1.964101	1.00722	0.424086
1.964357	1.007307	0.423794
1.964612	1.007392	0.423502
1.964868	1.007479	0.42321
1.965124	1.007564	0.422918
1.965379	1.007639	0.422623
1.965635	1.007722	0.42233
1.96589	1.007802	0.422036
1.966145	1.007882	0.421743
1.966401	1.007953	0.421446
1.966656	1.008033	0.421153
1.966911	1.008109	0.420858
1.967166	1.008186	0.420565
1.967421	1.008253	0.420266
1.967676	1.008329	0.419972
1.967931	1.008402	0.419677
1.968186	1.008473	0.419381
1.968441	1.008537	0.419083
1.968695	1.008608	0.418787
1.96895	1.008677	0.418491
1.969204	1.008745	0.418195
1.969459	1.008805	0.417895
1.969713	1.008871	0.417599
1.969968	1.008935	0.417301
1.970222	1.008993	0.417001
1.970476	1.009057	0.416704
1.97073	1.009118	0.416406
1.970984	1.00918	0.416108
1.971238	1.009233	0.415807
1.971492	1.00929	0.415508
1.971746	1.009348	0.415209
1.972	1.009407	0.414911
1.972254	1.009456	0.414608
1.972508	1.00951	0.414309
1.972761	1.009565	0.414009
1.973015	1.009609	0.413705
1.973268	1.009662	0.413405
1.973522	1.009712	0.413104
1.973775	1.009761	0.412803
1.974028	1.009804	0.4125
1.974282	1.009852	0.412199
1.974535	1.009898	0.411897
1.974788	1.009937	0.411592
1.975041	1.009982	0.411291
1.975294	1.010026	0.410989
1.975547	1.010068	0.410685
1.9758	1.010102	0.410379
1.976053	1.010144	0.410077
1.976305	1.010184	0.409774
1.976558	1.010214	0.409467
1.97681	1.010251	0.409163
1.977063	1.01029	0.40886
1.977316	1.010316	0.408551
1.977568	1.010353	0.408248
1.97782	1.010384	0.407943
1.978073	1.01041	0.407635
1.978325	1.010442	0.40733
1.978577	1.010472	0.407024
1.978829	1.0105	0.406717
1.979081	1.010522	0.406409
1.979333	1.010548	0.406102
1.979585	1.010575	0.405796
1.979837	1.010594	0.405487
1.980088	1.010618	0.405179
1.98034	1.010641	0.404872
1.980592	1.010655	0.404561
1.980843	1.010677	0.404254
1.981095	1.010696	0.403946
1.981346	1.010708	0.403634
1.981598	1.010726	0.403326
1.981849	1.010744	0.403018
1.9821	1.010752	0.402706
1.982351	1.010766	0.402396
1.982602	1.01078	0.402087
1.982854	1.010787	0.401774
1.983104	1.010796	0.401464
1.983356	1.010808	0.401154
1.983606	1.010811	0.40084
1.983857	1.01082	0.40053
1.984108	1.010827	0.400219
1.984359	1.010825	0.399904
1.984609	1.01083	0.399593
1.98486	1.010835	0.399281
1.98511	1.010831	0.398966
1.985361	1.010833	0.398654
1.985611	1.010827	0.398339
1.985861	1.010829	0.398027
1.986112	1.010825	0.397712
1.986362	1.010817	0.397397
1.986612	1.010815	0.397083
1.986862	1.01081	0.39677
1.987112	1.010797	0.396452
1.987362	1.010792	0.396139
1.987612	1.010784	0.395824
1.987861	1.010769	0.395506
1.988111	1.01076	0.395192
1.988361	1.010742	0.394874
1.98861	1.010731	0.394558
1.98886	1.010718	0.394242
1.989109	1.010698	0.393924
1.989359	1.010682	0.393607
1.989608	1.010666	0.393291
1.989857	1.010642	0.392971
1.990107	1.010624	0.392654
1.990356	1.0106	0.392335
1.990605	1.010579	0.392017
1.990854	1.01056	0.3917
1.991103	1.010528	0.391378
1.991352	1.010506	0.39106
1.991601	1.010481	0.390742
1.99185	1.010448	0.39042
1.992098	1.010423	0.390101
1.992347	1.01039	0.38978
1.992596	1.01036	0.38946
1.992844	1.010332	0.389141
1.993093	1.010294	0.388818
1.993341	1.01026	0.388497
1.993589	1.010222	0.388174
1.993838	1.010188	0.387854
1.994086	1.010153	0.387532
1.994334	1.01011	0.387208
1.994582	1.010072	0.386887
1.99483	1.010027	0.386562
1.995078	1.009989	0.386241
1.995326	1.009946	0.385918
1.995574	1.009899	0.385593
1.995822	1.009859	0.385271
1.99607	1.009805	0.384944
1.996317	1.00976	0.384621
1.996565	1.009717	0.384299
1.996812	1.009664	0.383972
1.99706	1.009615	0.383648
1.997307	1.009558	0.383321
1.997555	1.009509	0.382997
1.997802	1.009451	0.382669
1.998049	1.009399	0.382345
1.998296	1.009346	0.382019
1.998544	1.009285	0.381692
1.998791	1.009229	0.381366
1.999038	1.009166	0.381037
1.999285	1.009108	0.380711
1.999532	1.009043	0.380382
