# K_F        F_0        G_0
0.143595	-0.293003	0.318368
0.180919	-0.350207	0.386003
0.207100	-0.386948	0.430718
0.227943	-0.414335	0.464806
0.245545	-0.436235	0.492592
0.260930	-0.454488	0.516153
0.274688	-0.470127	0.536661
0.287191	-0.483792	0.554848
0.298690	-0.495909	0.571202
0.309367	-0.506778	0.586071
0.319353	-0.516618	0.599708
0.328751	-0.525595	0.612304
0.337641	-0.533834	0.62401
0.346085	-0.541439	0.634942
0.354137	-0.548488	0.645198
0.361838	-0.55505	0.654855
0.369224	-0.561178	0.663978
0.376326	-0.56692	0.672623
0.383170	-0.572314	0.680835
0.389778	-0.577393	0.688656
0.396169	-0.582186	0.696118
0.402360	-0.586718	0.703252
0.408366	-0.591011	0.710085
0.414201	-0.595084	0.716639
0.419875	-0.598953	0.722935
0.425401	-0.602635	0.728992
0.430786	-0.606142	0.734825
0.436040	-0.609487	0.74045
0.441170	-0.61268	0.74588
0.446184	-0.615731	0.751126
0.451088	-0.618648	0.756199
0.455887	-0.621441	0.76111
0.460587	-0.624116	0.765868
0.465193	-0.62668	0.77048
0.469710	-0.629139	0.774956
0.474141	-0.631499	0.7793
0.478492	-0.633765	0.783521
0.482764	-0.635942	0.787624
0.486962	-0.638034	0.791615
0.491089	-0.640046	0.795499
0.495148	-0.641982	0.79928
0.499141	-0.643844	0.802964
0.503072	-0.645636	0.806554
0.506942	-0.647363	0.810054
0.510753	-0.649025	0.813469
0.514509	-0.650626	0.816801
0.518211	-0.652169	0.820054
0.521860	-0.653656	0.823231
0.525459	-0.65509	0.826335
0.529010	-0.656472	0.829368
0.532513	-0.657804	0.832333
0.535971	-0.659089	0.835232
0.539385	-0.660327	0.838069
0.542756	-0.661522	0.840844
0.546086	-0.662674	0.843561
0.549376	-0.663785	0.84622
0.552627	-0.664857	0.848825
0.555840	-0.66589	0.851376
0.559016	-0.666886	0.853875
0.562157	-0.667847	0.856324
0.565263	-0.668773	0.858725
0.568335	-0.669666	0.861079
0.571374	-0.670527	0.863387
0.574381	-0.671356	0.86565
0.577357	-0.672155	0.867871
0.580303	-0.672925	0.87005
0.583219	-0.673666	0.872188
0.586107	-0.674379	0.874287
0.588966	-0.675066	0.876347
0.591797	-0.675727	0.87837
0.594602	-0.676362	0.880356
0.597381	-0.676973	0.882308
0.600134	-0.677561	0.884224
0.602862	-0.678125	0.886107
0.605565	-0.678666	0.887957
0.608244	-0.679185	0.889775
0.610901	-0.679684	0.891562
0.613534	-0.680161	0.893318
0.616145	-0.680618	0.895044
0.618734	-0.681056	0.896742
0.621301	-0.681474	0.898411
0.623847	-0.681874	0.900053
0.626373	-0.682255	0.901667
0.628879	-0.682618	0.903255
0.631364	-0.682965	0.904817
0.633830	-0.683294	0.906354
0.636278	-0.683607	0.907867
0.638706	-0.683903	0.909355
0.641117	-0.684184	0.910819
0.643509	-0.68445	0.91226
0.645883	-0.684701	0.913679
0.648241	-0.684937	0.915075
0.650581	-0.685158	0.916449
0.652904	-0.685366	0.917803
0.655212	-0.68556	0.919135
0.657502	-0.68574	0.920447
0.659778	-0.685908	0.921739
0.662037	-0.686063	0.923011
0.664281	-0.686205	0.924264
0.666511	-0.686335	0.925498
0.668725	-0.686453	0.926713
0.670925	-0.686559	0.92791
0.673110	-0.686654	0.92909
0.675281	-0.686737	0.930252
0.677439	-0.68681	0.931396
0.679583	-0.686871	0.932524
0.681713	-0.686922	0.933635
0.683830	-0.686963	0.93473
0.685934	-0.686994	0.935809
0.688026	-0.687015	0.936872
0.690104	-0.687025	0.93792
0.692170	-0.687027	0.938952
0.694224	-0.687019	0.93997
0.696266	-0.687002	0.940973
0.698296	-0.686976	0.941961
0.700314	-0.68694	0.942936
0.702321	-0.686897	0.943896
0.704316	-0.686845	0.944843
0.706300	-0.686784	0.945776
0.708273	-0.686715	0.946696
0.710235	-0.686638	0.947603
0.712186	-0.686554	0.948497
0.714127	-0.686461	0.949379
0.716057	-0.686361	0.950248
0.717977	-0.686254	0.951105
0.719886	-0.686139	0.95195
0.721786	-0.686017	0.952783
0.723675	-0.685888	0.953604
0.725555	-0.685751	0.954414
0.727425	-0.685609	0.955212
0.729285	-0.685459	0.955999
0.731136	-0.685303	0.956776
0.732978	-0.68514	0.957541
0.734810	-0.684971	0.958296
0.736634	-0.684795	0.95904
0.738448	-0.684614	0.959774
0.740254	-0.684426	0.960498
0.742050	-0.684233	0.961212
0.743838	-0.684033	0.961916
0.745618	-0.683828	0.96261
0.747389	-0.683617	0.963294
0.749152	-0.683401	0.963969
0.750906	-0.683179	0.964634
0.752652	-0.682951	0.965291
0.754391	-0.682719	0.965938
0.756121	-0.682481	0.966576
0.757843	-0.682238	0.967205
0.759558	-0.68199	0.967826
0.761265	-0.681737	0.968438
0.762964	-0.681479	0.969042
0.764656	-0.681216	0.969637
0.766340	-0.680949	0.970223
0.768017	-0.680677	0.970802
0.769687	-0.6804	0.971373
0.771349	-0.680119	0.971935
0.773004	-0.679833	0.97249
0.774652	-0.679543	0.973037
0.776294	-0.679248	0.973576
0.777928	-0.67895	0.974108
0.779555	-0.678647	0.974632
0.781176	-0.67834	0.975149
0.782790	-0.678029	0.975659
0.784398	-0.677714	0.976161
0.785998	-0.677395	0.976656
0.787593	-0.677072	0.977145
0.789181	-0.676745	0.977626
0.790762	-0.676414	0.978101
0.792337	-0.67608	0.978568
0.793906	-0.675742	0.979029
0.795469	-0.6754	0.979484
0.797026	-0.675055	0.979932
0.798576	-0.674707	0.980374
0.800121	-0.674355	0.980809
0.801660	-0.673999	0.981238
0.803193	-0.67364	0.98166
0.804720	-0.673278	0.982077
0.806241	-0.672913	0.982487
0.807756	-0.672544	0.982892
0.809266	-0.672172	0.98329
0.810770	-0.671797	0.983683
0.812269	-0.671419	0.98407
0.813762	-0.671038	0.984451
0.815250	-0.670654	0.984826
0.816732	-0.670267	0.985196
0.818209	-0.669877	0.98556
0.819681	-0.669484	0.985919
0.821147	-0.669088	0.986273
0.822608	-0.66869	0.986621
0.824064	-0.668289	0.986963
0.825515	-0.667885	0.987301
0.826961	-0.667478	0.987633
0.828401	-0.667069	0.98796
0.829837	-0.666657	0.988282
0.831268	-0.666242	0.9886
0.832694	-0.665825	0.988912
0.834115	-0.665406	0.989219
0.835531	-0.664983	0.989521
0.836942	-0.664559	0.989819
0.838349	-0.664132	0.990112
0.839751	-0.663703	0.9904
0.841148	-0.663271	0.990683
0.842541	-0.662837	0.990962
0.843929	-0.662401	0.991236
0.845312	-0.661962	0.991506
0.846691	-0.661521	0.991771
0.848066	-0.661079	0.992032
0.849436	-0.660633	0.992288
0.850801	-0.660186	0.992541
0.852163	-0.659737	0.992788
0.853519	-0.659285	0.993032
0.854872	-0.658832	0.993271
0.856220	-0.658376	0.993507
0.857565	-0.657918	0.993738
0.858905	-0.657459	0.993965
0.860240	-0.656997	0.994188
0.861572	-0.656534	0.994407
0.862900	-0.656068	0.994622
0.864223	-0.655601	0.994833
0.865542	-0.655132	0.99504
0.866858	-0.654661	0.995244
0.868169	-0.654188	0.995443
0.869477	-0.653714	0.995639
0.870780	-0.653237	0.995831
0.872080	-0.652759	0.99602
0.873376	-0.652279	0.996204
0.874668	-0.651798	0.996386
0.875956	-0.651315	0.996563
0.877240	-0.65083	0.996737
0.878521	-0.650343	0.996907
0.879798	-0.649855	0.997074
0.881071	-0.649365	0.997238
0.882341	-0.648874	0.997398
0.883607	-0.648381	0.997554
0.884869	-0.647887	0.997708
0.886128	-0.647391	0.997858
0.887383	-0.646893	0.998005
0.888634	-0.646394	0.998148
0.889882	-0.645894	0.998288
0.891127	-0.645392	0.998425
0.892368	-0.644889	0.998559
0.893606	-0.644384	0.998689
0.894840	-0.643878	0.998817
0.896071	-0.64337	0.998941
0.897299	-0.642862	0.999063
0.898523	-0.642351	0.999181
0.899743	-0.64184	0.999296
0.900961	-0.641327	0.999408
0.902175	-0.640813	0.999518
0.903386	-0.640297	0.999624
0.904594	-0.639781	0.999728
0.905798	-0.639263	0.999828
0.907000	-0.638744	0.999926
0.908198	-0.638223	1.000021
0.909393	-0.637702	1.000113
0.910585	-0.637179	1.000202
0.911774	-0.636655	1.000289
0.912959	-0.63613	1.000373
0.914142	-0.635603	1.000454
0.915321	-0.635076	1.000532
0.916498	-0.634547	1.000608
0.917671	-0.634018	1.000681
0.918842	-0.633487	1.000751
0.920009	-0.632955	1.000819
0.921174	-0.632422	1.000885
0.922336	-0.631888	1.000948
0.923494	-0.631353	1.001008
0.924650	-0.630817	1.001066
0.925803	-0.63028	1.001121
0.926953	-0.629742	1.001173
0.928100	-0.629203	1.001224
0.929245	-0.628663	1.001272
0.930386	-0.628122	1.001317
0.931525	-0.62758	1.00136
0.932661	-0.627037	1.001401
0.933794	-0.626493	1.001439
0.934925	-0.625948	1.001475
0.936053	-0.625402	1.001509
0.937178	-0.624855	1.001541
0.938300	-0.624308	1.00157
0.939420	-0.623759	1.001597
0.940537	-0.62321	1.001621
0.941651	-0.62266	1.001644
0.942763	-0.622109	1.001664
0.943872	-0.621557	1.001682
0.944979	-0.621004	1.001698
0.946083	-0.620451	1.001712
0.947184	-0.619896	1.001724
0.948283	-0.619341	1.001733
0.949379	-0.618785	1.00174
0.950473	-0.618229	1.001746
0.951564	-0.617671	1.001749
0.952653	-0.617113	1.00175
0.953739	-0.616554	1.00175
0.954823	-0.615994	1.001747
0.955904	-0.615433	1.001742
0.956983	-0.614872	1.001735
0.958059	-0.61431	1.001727
0.959134	-0.613747	1.001716
0.960205	-0.613184	1.001703
0.961275	-0.61262	1.001688
0.962341	-0.612055	1.001672
0.963406	-0.61149	1.001654
0.964468	-0.610923	1.001633
0.965528	-0.610357	1.001611
0.966586	-0.609789	1.001587
0.967641	-0.609221	1.001562
0.968694	-0.608652	1.001534
0.969744	-0.608083	1.001505
0.970793	-0.607513	1.001473
0.971839	-0.606942	1.00144
0.972883	-0.606371	1.001406
0.973924	-0.605799	1.001369
0.974964	-0.605227	1.001331
0.976001	-0.604653	1.001291
0.977036	-0.60408	1.001249
0.978069	-0.603506	1.001206
0.979099	-0.602931	1.001161
0.980128	-0.602356	1.001114
0.981154	-0.60178	1.001065
0.982178	-0.601203	1.001015
0.983200	-0.600626	1.000964
0.984220	-0.600049	1.00091
0.985238	-0.599471	1.000855
0.986254	-0.598892	1.000799
0.987267	-0.598313	1.00074
0.988279	-0.597733	1.000681
0.989288	-0.597153	1.000619
0.990296	-0.596572	1.000556
0.991301	-0.595991	1.000492
0.992305	-0.59541	1.000426
0.993306	-0.594828	1.000359
0.994305	-0.594245	1.00029
0.995302	-0.593662	1.000219
0.996298	-0.593079	1.000147
0.997291	-0.592495	1.000074
0.998282	-0.59191	0.999999
0.999272	-0.591325	0.999922
1.000259	-0.59074	0.999845
1.001245	-0.590154	0.999765
1.002228	-0.589568	0.999685
1.003210	-0.588981	0.999602
1.004190	-0.588395	0.999519
1.005167	-0.587807	0.999434
1.006143	-0.587219	0.999348
1.007117	-0.586631	0.99926
1.008089	-0.586042	0.999171
1.009060	-0.585453	0.999081
1.010028	-0.584864	0.998989
1.010995	-0.584274	0.998896
1.011959	-0.583684	0.998801
1.012922	-0.583093	0.998705
1.013883	-0.582502	0.998608
1.014842	-0.581911	0.99851
1.015800	-0.581319	0.99841
1.016755	-0.580727	0.998309
1.017709	-0.580135	0.998207
1.018661	-0.579542	0.998104
1.019611	-0.578949	0.997999
1.020560	-0.578356	0.997893
1.021507	-0.577762	0.997786
1.022452	-0.577168	0.997677
1.023395	-0.576574	0.997567
1.024336	-0.575979	0.997456
1.025276	-0.575384	0.997344
1.026214	-0.574788	0.997231
1.027150	-0.574193	0.997117
1.028085	-0.573597	0.997001
1.029018	-0.573	0.996884
1.029949	-0.572404	0.996766
1.030879	-0.571807	0.996647
1.031807	-0.57121	0.996526
1.032733	-0.570612	0.996405
1.033657	-0.570015	0.996282
1.034580	-0.569417	0.996159
1.035502	-0.568818	0.996034
1.036421	-0.56822	0.995908
1.037339	-0.567621	0.995781
1.038256	-0.567022	0.995652
1.039170	-0.566423	0.995523
1.040084	-0.565823	0.995393
1.040995	-0.565223	0.995261
1.041905	-0.564623	0.995129
1.042813	-0.564023	0.994995
1.043720	-0.563422	0.99486
1.044625	-0.562821	0.994725
1.045529	-0.56222	0.994588
1.046431	-0.561619	0.99445
1.047332	-0.561017	0.994311
1.048231	-0.560415	0.994172
1.049128	-0.559813	0.994031
1.050024	-0.559211	0.993889
1.050918	-0.558609	0.993746
1.051811	-0.558006	0.993602
1.052703	-0.557403	0.993457
1.053593	-0.5568	0.993311
1.054481	-0.556197	0.993165
1.055368	-0.555593	0.993017
1.056253	-0.55499	0.992868
1.057137	-0.554386	0.992719
1.058020	-0.553782	0.992568
1.058900	-0.553178	0.992416
1.059780	-0.552573	0.992264
1.060658	-0.551969	0.99211
1.061535	-0.551364	0.991956
1.062410	-0.550759	0.991801
1.063283	-0.550154	0.991644
1.064156	-0.549548	0.991487
1.065026	-0.548943	0.991329
1.065896	-0.548337	0.99117
1.066764	-0.547731	0.991011
1.067630	-0.547125	0.99085
1.068496	-0.546519	0.990688
1.069359	-0.545913	0.990526
1.070222	-0.545306	0.990362
1.071083	-0.544699	0.990198
1.071942	-0.544093	0.990033
1.072801	-0.543486	0.989867
1.073658	-0.542879	0.989701
1.074513	-0.542271	0.989533
1.075367	-0.541664	0.989365
1.076220	-0.541057	0.989195
1.077071	-0.540449	0.989025
1.077922	-0.539841	0.988854
1.078770	-0.539233	0.988683
1.079618	-0.538625	0.98851
1.080464	-0.538017	0.988337
1.081309	-0.537409	0.988163
1.082152	-0.5368	0.987987
1.082994	-0.536192	0.987812
1.083835	-0.535583	0.987635
1.084674	-0.534974	0.987458
1.085513	-0.534365	0.98728
1.086350	-0.533756	0.987101
1.087185	-0.533147	0.986921
1.088020	-0.532538	0.986741
1.088853	-0.531928	0.98656
1.089685	-0.531319	0.986378
1.090515	-0.530709	0.986195
1.091344	-0.5301	0.986012
1.092173	-0.52949	0.985828
1.092999	-0.52888	0.985643
1.093825	-0.52827	0.985457
1.094649	-0.52766	0.985271
1.095472	-0.52705	0.985084
1.096294	-0.52644	0.984896
1.097115	-0.52583	0.984707
1.097934	-0.525219	0.984518
1.098752	-0.524609	0.984328
1.099569	-0.523998	0.984137
1.100385	-0.523387	0.983946
1.101199	-0.522777	0.983754
1.102012	-0.522166	0.983562
1.102824	-0.521555	0.983368
1.103635	-0.520944	0.983174
1.104445	-0.520333	0.982979
1.105254	-0.519722	0.982784
1.106061	-0.519111	0.982588
1.106867	-0.5185	0.982391
1.107672	-0.517888	0.982194
1.108476	-0.517277	0.981995
1.109279	-0.516666	0.981797
1.110080	-0.516054	0.981597
1.110880	-0.515443	0.981397
1.111680	-0.514831	0.981197
1.112478	-0.514219	0.980995
1.113275	-0.513608	0.980793
1.114070	-0.512996	0.980591
1.114865	-0.512384	0.980388
1.115659	-0.511772	0.980184
1.116451	-0.51116	0.979979
1.117242	-0.510548	0.979774
1.118032	-0.509936	0.979569
1.118821	-0.509324	0.979362
1.119609	-0.508712	0.979156
1.120396	-0.5081	0.978948
1.121182	-0.507488	0.97874
1.121966	-0.506876	0.978531
1.122750	-0.506264	0.978322
1.123532	-0.505651	0.978112
1.124313	-0.505039	0.977902
1.125094	-0.504427	0.977691
1.125873	-0.503814	0.977479
1.126651	-0.503202	0.977267
1.127428	-0.502589	0.977054
1.128204	-0.501977	0.976841
1.128979	-0.501364	0.976627
1.129753	-0.500752	0.976412
1.130525	-0.500139	0.976197
1.131297	-0.499527	0.975982
1.132068	-0.498914	0.975766
1.132837	-0.498302	0.975549
1.133606	-0.497689	0.975332
1.134373	-0.497076	0.975114
1.135140	-0.496464	0.974896
1.135905	-0.495851	0.974677
1.136670	-0.495238	0.974458
1.137433	-0.494625	0.974238
1.138195	-0.494013	0.974017
1.138957	-0.4934	0.973796
1.139717	-0.492787	0.973575
1.140476	-0.492175	0.973353
1.141235	-0.491562	0.97313
1.141992	-0.490949	0.972907
1.142748	-0.490336	0.972684
1.143503	-0.489723	0.97246
1.144258	-0.489111	0.972235
1.145011	-0.488498	0.97201
1.145763	-0.487885	0.971785
1.146515	-0.487272	0.971559
1.147265	-0.486659	0.971332
1.148014	-0.486047	0.971105
1.148763	-0.485434	0.970878
1.149510	-0.484821	0.97065
1.150257	-0.484208	0.970421
1.151002	-0.483595	0.970192
1.151747	-0.482983	0.969963
1.152490	-0.48237	0.969733
1.153233	-0.481757	0.969502
1.153974	-0.481144	0.969272
1.154715	-0.480532	0.96904
1.155455	-0.479919	0.968808
1.156193	-0.479306	0.968576
1.156931	-0.478693	0.968343
1.157668	-0.478081	0.96811
1.158404	-0.477468	0.967877
1.159139	-0.476855	0.967642
1.159873	-0.476243	0.967408
1.160607	-0.47563	0.967173
1.161339	-0.475017	0.966938
1.162070	-0.474405	0.966702
1.162800	-0.473792	0.966465
1.163530	-0.473179	0.966229
1.164258	-0.472567	0.965991
1.164986	-0.471954	0.965754
1.165713	-0.471342	0.965516
1.166439	-0.470729	0.965277
1.167164	-0.470117	0.965039
1.167888	-0.469504	0.964799
1.168611	-0.468892	0.96456
1.169333	-0.468279	0.964319
1.170055	-0.467667	0.964079
1.170775	-0.467055	0.963838
1.171495	-0.466442	0.963596
1.172213	-0.46583	0.963355
1.172931	-0.465218	0.963112
1.173648	-0.464606	0.96287
1.174364	-0.463993	0.962627
1.175079	-0.463381	0.962383
1.175794	-0.462769	0.962139
1.176507	-0.462157	0.961895
1.17722	-0.461545	0.96165
1.177932	-0.460933	0.961405
1.178642	-0.460321	0.96116
1.179352	-0.459709	0.960914
1.180062	-0.459097	0.960668
1.18077	-0.458485	0.960421
1.181477	-0.457873	0.960174
1.182184	-0.457261	0.959927
1.18289	-0.456649	0.959679
1.183595	-0.456038	0.959431
1.184299	-0.455426	0.959183
1.185002	-0.454814	0.958934
1.185704	-0.454203	0.958685
1.186406	-0.453591	0.958435
1.187107	-0.452979	0.958185
1.187807	-0.452368	0.957935
1.188506	-0.451756	0.957684
1.189204	-0.451145	0.957433
1.189902	-0.450534	0.957182
1.190598	-0.449922	0.95693
1.191294	-0.449311	0.956678
1.191989	-0.4487	0.956425
1.192683	-0.448088	0.956172
1.193377	-0.447477	0.955919
1.19407	-0.446866	0.955666
1.194761	-0.446255	0.955412
1.195452	-0.445644	0.955157
1.196143	-0.445033	0.954903
1.196832	-0.444422	0.954648
1.197521	-0.443811	0.954393
1.198208	-0.4432	0.954137
1.198895	-0.442589	0.953881
1.199582	-0.441979	0.953625
1.200267	-0.441368	0.953368
1.200952	-0.440757	0.953111
1.201636	-0.440147	0.952854
1.202319	-0.439536	0.952596
1.203001	-0.438926	0.952338
1.203683	-0.438315	0.95208
1.204364	-0.437705	0.951822
1.205044	-0.437095	0.951563
1.205723	-0.436484	0.951303
1.206402	-0.435874	0.951044
1.207079	-0.435264	0.950784
1.207756	-0.434654	0.950524
1.208433	-0.434044	0.950263
1.209108	-0.433434	0.950003
1.209783	-0.432824	0.949741
1.210457	-0.432214	0.94948
1.21113	-0.431604	0.949218
1.211802	-0.430994	0.948956
1.212474	-0.430385	0.948694
1.213145	-0.429775	0.948431
1.213815	-0.429165	0.948168
1.214485	-0.428556	0.947905
1.215154	-0.427946	0.947641
1.215822	-0.427337	0.947377
1.216489	-0.426728	0.947113
1.217156	-0.426118	0.946849
1.217821	-0.425509	0.946584
1.218487	-0.4249	0.946319
1.219151	-0.424291	0.946054
1.219815	-0.423682	0.945788
1.220478	-0.423073	0.945522
1.22114	-0.422464	0.945256
1.221801	-0.421855	0.944989
1.222462	-0.421246	0.944723
1.223122	-0.420638	0.944455
1.223781	-0.420029	0.944188
1.22444	-0.41942	0.943921
1.225098	-0.418812	0.943653
1.225755	-0.418203	0.943384
1.226412	-0.417595	0.943116
1.227068	-0.416986	0.942847
1.227723	-0.416378	0.942578
1.228377	-0.41577	0.942309
1.229031	-0.415162	0.942039
1.229684	-0.414554	0.94177
1.230336	-0.413946	0.9415
1.230988	-0.413338	0.941229
1.231639	-0.41273	0.940958
1.232289	-0.412122	0.940688
1.232939	-0.411514	0.940417
1.233588	-0.410907	0.940145
1.234236	-0.410299	0.939873
1.234884	-0.409692	0.939602
1.23553	-0.409084	0.939329
1.236177	-0.408477	0.939057
1.236822	-0.407869	0.938784
1.237467	-0.407262	0.938511
1.238111	-0.406655	0.938238
1.238755	-0.406048	0.937964
1.239398	-0.405441	0.937691
1.24004	-0.404834	0.937417
1.240681	-0.404227	0.937143
1.241322	-0.40362	0.936868
1.241962	-0.403013	0.936593
1.242602	-0.402406	0.936318
1.243241	-0.4018	0.936043
1.243879	-0.401193	0.935768
1.244516	-0.400587	0.935492
1.245153	-0.39998	0.935216
1.24579	-0.399374	0.93494
1.246425	-0.398768	0.934664
1.24706	-0.398161	0.934387
1.247695	-0.397555	0.93411
1.248328	-0.396949	0.933833
1.248961	-0.396343	0.933555
1.249594	-0.395737	0.933278
1.250225	-0.395131	0.933
1.250857	-0.394526	0.932722
1.251487	-0.39392	0.932444
1.252117	-0.393314	0.932165
1.252746	-0.392709	0.931886
1.253375	-0.392103	0.931607
1.254003	-0.391498	0.931328
1.25463	-0.390893	0.931049
1.255257	-0.390287	0.930769
1.255883	-0.389682	0.930489
1.256508	-0.389077	0.930209
1.257133	-0.388472	0.929929
1.257757	-0.387867	0.929648
1.258381	-0.387262	0.929367
1.259004	-0.386658	0.929086
1.259626	-0.386053	0.928805
1.260248	-0.385448	0.928524
1.260869	-0.384844	0.928242
1.261489	-0.384239	0.92796
1.262109	-0.383635	0.927678
1.262728	-0.38303	0.927396
1.263347	-0.382426	0.927113
1.263965	-0.381822	0.926831
1.264583	-0.381218	0.926548
1.2652	-0.380614	0.926265
1.265816	-0.38001	0.925981
1.266432	-0.379406	0.925698
1.267047	-0.378802	0.925414
1.267661	-0.378199	0.92513
1.268275	-0.377595	0.924846
1.268888	-0.376991	0.924561
1.269501	-0.376388	0.924277
1.270113	-0.375784	0.923992
1.270725	-0.375181	0.923707
1.271335	-0.374578	0.923422
1.271946	-0.373975	0.923137
1.272556	-0.373371	0.922851
1.273165	-0.372769	0.922565
1.273773	-0.372166	0.922279
1.274381	-0.371563	0.921993
1.274989	-0.37096	0.921707
1.275596	-0.370357	0.92142
1.276202	-0.369755	0.921133
1.276808	-0.369152	0.920846
1.277413	-0.36855	0.920559
1.278017	-0.367947	0.920272
1.278621	-0.367345	0.919984
1.279225	-0.366743	0.919696
1.279827	-0.36614	0.919408
1.28043	-0.365538	0.91912
1.281031	-0.364936	0.918832
1.281633	-0.364334	0.918543
1.282233	-0.363733	0.918255
1.282833	-0.363131	0.917966
1.283433	-0.362529	0.917677
1.284032	-0.361928	0.917388
1.28463	-0.361326	0.917098
1.285228	-0.360725	0.916808
1.285825	-0.360123	0.916519
1.286422	-0.359522	0.916229
1.287018	-0.358921	0.915939
1.287613	-0.35832	0.915648
1.288208	-0.357719	0.915358
1.288803	-0.357118	0.915067
1.289397	-0.356517	0.914776
1.28999	-0.355916	0.914485
1.290583	-0.355315	0.914194
1.291175	-0.354715	0.913902
1.291767	-0.354114	0.913611
1.292358	-0.353514	0.913319
1.292949	-0.352913	0.913027
1.293539	-0.352313	0.912735
1.294128	-0.351713	0.912443
1.294717	-0.351113	0.91215
1.295306	-0.350513	0.911858
1.295894	-0.349913	0.911565
1.296481	-0.349313	0.911272
1.297068	-0.348713	0.910979
1.297655	-0.348113	0.910685
1.298241	-0.347513	0.910392
1.298826	-0.346914	0.910098
1.299411	-0.346314	0.909805
1.299995	-0.345715	0.909511
1.300579	-0.345116	0.909216
1.301162	-0.344516	0.908922
1.301745	-0.343917	0.908628
1.302327	-0.343318	0.908333
1.302908	-0.342719	0.908038
1.30349	-0.34212	0.907743
1.30407	-0.341521	0.907448
1.30465	-0.340922	0.907153
1.30523	-0.340324	0.906857
1.305809	-0.339725	0.906562
1.306387	-0.339126	0.906266
1.306965	-0.338528	0.90597
1.307543	-0.33793	0.905674
1.30812	-0.337331	0.905378
1.308697	-0.336733	0.905081
1.309273	-0.336135	0.904785
1.309848	-0.335537	0.904488
1.310423	-0.334939	0.904191
1.310998	-0.334341	0.903894
1.311572	-0.333743	0.903597
1.312145	-0.333146	0.9033
1.312718	-0.332548	0.903002
1.313291	-0.33195	0.902704
1.313863	-0.331353	0.902407
1.314434	-0.330755	0.902108
1.315005	-0.330158	0.90181
1.315575	-0.329561	0.901512
1.316146	-0.328964	0.901214
1.316715	-0.328367	0.900915
1.317284	-0.32777	0.900616
1.317853	-0.327173	0.900318
1.318421	-0.326576	0.900019
1.318988	-0.325979	0.899719
1.319555	-0.325383	0.89942
1.320122	-0.324786	0.899121
1.320688	-0.324189	0.898821
1.321254	-0.323593	0.898521
1.321819	-0.322997	0.898221
1.322383	-0.3224	0.897921
1.322948	-0.321804	0.897621
1.323511	-0.321208	0.897321
1.324074	-0.320612	0.89702
1.324637	-0.320016	0.89672
1.325199	-0.31942	0.896419
1.325761	-0.318824	0.896118
1.326322	-0.318229	0.895817
1.326883	-0.317633	0.895516
1.327443	-0.317038	0.895214
1.328003	-0.316442	0.894913
1.328563	-0.315847	0.894611
1.329122	-0.315251	0.894309
1.32968	-0.314656	0.894008
1.330238	-0.314061	0.893706
1.330796	-0.313466	0.893403
1.331353	-0.312871	0.893101
1.331909	-0.312276	0.892799
1.332465	-0.311681	0.892496
1.333021	-0.311086	0.892193
1.333576	-0.310492	0.89189
1.334131	-0.309897	0.891587
1.334685	-0.309303	0.891284
1.335239	-0.308708	0.890981
1.335792	-0.308114	0.890678
1.336345	-0.30752	0.890374
1.336898	-0.306926	0.89007
1.33745	-0.306331	0.889767
1.338001	-0.305737	0.889463
1.338552	-0.305143	0.889159
1.339103	-0.30455	0.888854
1.339653	-0.303956	0.88855
1.340203	-0.303362	0.888246
1.340752	-0.302768	0.887941
1.341301	-0.302175	0.887636
1.341849	-0.301581	0.887331
1.342397	-0.300988	0.887026
1.342945	-0.300395	0.886721
1.343492	-0.299802	0.886416
1.344038	-0.299208	0.886111
1.344584	-0.298615	0.885805
1.34513	-0.298022	0.8855
1.345675	-0.297429	0.885194
1.34622	-0.296837	0.884888
1.346764	-0.296244	0.884582
1.347308	-0.295651	0.884276
1.347852	-0.295059	0.883969
1.348395	-0.294466	0.883663
1.348938	-0.293874	0.883357
1.34948	-0.293281	0.88305
1.350021	-0.292689	0.882743
1.350563	-0.292097	0.882436
1.351104	-0.291505	0.882129
1.351644	-0.290913	0.881822
1.352184	-0.290321	0.881515
1.352724	-0.289729	0.881207
1.353263	-0.289137	0.8809
1.353802	-0.288545	0.880592
1.35434	-0.287954	0.880284
1.354878	-0.287362	0.879977
1.355415	-0.286771	0.879669
1.355952	-0.286179	0.879361
1.356489	-0.285588	0.879052
1.357025	-0.284997	0.878744
1.357561	-0.284406	0.878435
1.358096	-0.283814	0.878127
1.358631	-0.283223	0.877818
1.359165	-0.282632	0.877509
1.359699	-0.282042	0.8772
1.360233	-0.281451	0.876891
1.360766	-0.28086	0.876582
1.361299	-0.28027	0.876273
1.361831	-0.279679	0.875963
1.362363	-0.279088	0.875654
1.362895	-0.278498	0.875344
1.363426	-0.277908	0.875034
1.363957	-0.277318	0.874724
1.364487	-0.276727	0.874414
1.365017	-0.276137	0.874104
1.365546	-0.275547	0.873794
1.366076	-0.274957	0.873483
1.366604	-0.274367	0.873173
1.367133	-0.273778	0.872862
1.36766	-0.273188	0.872552
1.368188	-0.272598	0.872241
1.368715	-0.272009	0.87193
1.369241	-0.271419	0.871619
1.369768	-0.27083	0.871308
1.370293	-0.270241	0.870996
1.370819	-0.269651	0.870685
1.371344	-0.269062	0.870374
1.371869	-0.268473	0.870062
1.372393	-0.267884	0.86975
1.372917	-0.267295	0.869438
1.37344	-0.266706	0.869126
1.373963	-0.266118	0.868814
1.374486	-0.265529	0.868502
1.375008	-0.26494	0.86819
1.37553	-0.264352	0.867877
1.376051	-0.263763	0.867565
1.376572	-0.263175	0.867252
1.377093	-0.262587	0.86694
1.377613	-0.261998	0.866627
1.378133	-0.26141	0.866314
1.378652	-0.260822	0.866001
1.379171	-0.260234	0.865688
1.37969	-0.259646	0.865374
1.380208	-0.259058	0.865061
1.380726	-0.25847	0.864748
1.381244	-0.257883	0.864434
1.381761	-0.257295	0.86412
1.382278	-0.256707	0.863806
1.382794	-0.25612	0.863492
1.38331	-0.255533	0.863178
1.383826	-0.254945	0.862864
1.384341	-0.254358	0.86255
1.384856	-0.253771	0.862236
1.38537	-0.253184	0.861921
1.385884	-0.252597	0.861607
1.386398	-0.25201	0.861292
1.386911	-0.251423	0.860977
1.387424	-0.250836	0.860662
1.387936	-0.250249	0.860347
1.388449	-0.249662	0.860032
1.38896	-0.249076	0.859717
1.389472	-0.248489	0.859402
1.389983	-0.247903	0.859086
1.390494	-0.247317	0.858771
1.391004	-0.24673	0.858455
1.391514	-0.246144	0.858139
1.392023	-0.245558	0.857824
1.392532	-0.244972	0.857508
1.393041	-0.244386	0.857192
1.39355	-0.2438	0.856876
1.394058	-0.243214	0.856559
1.394565	-0.242628	0.856243
1.395072	-0.242042	0.855927
1.395579	-0.241457	0.85561
1.396086	-0.240871	0.855293
1.396592	-0.240286	0.854977
1.397098	-0.2397	0.85466
1.397604	-0.239115	0.854343
1.398109	-0.23853	0.854026
1.398613	-0.237944	0.853709
1.399118	-0.237359	0.853391
1.399622	-0.236774	0.853074
1.400125	-0.236189	0.852757
1.400629	-0.235604	0.852439
1.401132	-0.23502	0.852121
1.401634	-0.234435	0.851804
1.402136	-0.23385	0.851486
1.402638	-0.233265	0.851168
1.40314	-0.232681	0.85085
1.403641	-0.232097	0.850532
1.404142	-0.231512	0.850213
1.404642	-0.230928	0.849895
1.405142	-0.230343	0.849576
1.405642	-0.229759	0.849258
1.406141	-0.229175	0.848939
1.40664	-0.228591	0.848621
1.407139	-0.228007	0.848302
1.407637	-0.227423	0.847983
1.408135	-0.226839	0.847664
1.408632	-0.226256	0.847345
1.40913	-0.225672	0.847025
1.409626	-0.225088	0.846706
1.410123	-0.224505	0.846387
1.410619	-0.223921	0.846067
1.411115	-0.223338	0.845747
1.41161	-0.222755	0.845428
1.412106	-0.222171	0.845108
1.4126	-0.221588	0.844788
1.413095	-0.221005	0.844468
1.413589	-0.220422	0.844148
1.414083	-0.219839	0.843828
1.414576	-0.219256	0.843507
1.415069	-0.218673	0.843187
1.415562	-0.21809	0.842866
1.416054	-0.217508	0.842546
1.416546	-0.216925	0.842225
1.417038	-0.216343	0.841905
1.417529	-0.21576	0.841584
1.41802	-0.215178	0.841263
1.418511	-0.214595	0.840941
1.419001	-0.214013	0.84062
1.419491	-0.213431	0.840299
1.419981	-0.212849	0.839978
1.42047	-0.212267	0.839656
1.420959	-0.211685	0.839335
1.421448	-0.211103	0.839013
1.421936	-0.210521	0.838691
1.422424	-0.209939	0.83837
1.422912	-0.209357	0.838048
1.423399	-0.208776	0.837726
1.423886	-0.208194	0.837404
1.424373	-0.207613	0.837081
1.424859	-0.207031	0.836759
1.425345	-0.20645	0.836437
1.42583	-0.205868	0.836114
1.426316	-0.205287	0.835792
1.426801	-0.204706	0.835469
1.427285	-0.204125	0.835146
1.42777	-0.203544	0.834823
1.428254	-0.202963	0.8345
1.428737	-0.202382	0.834177
1.429221	-0.201801	0.833854
1.429704	-0.20122	0.833531
1.430186	-0.20064	0.833208
1.430669	-0.200059	0.832884
1.431151	-0.199479	0.832561
1.431633	-0.198898	0.832237
1.432114	-0.198318	0.831914
1.432595	-0.197737	0.83159
1.433076	-0.197157	0.831266
1.433556	-0.196577	0.830942
1.434036	-0.195997	0.830618
1.434516	-0.195417	0.830294
1.434995	-0.194837	0.82997
1.435475	-0.194257	0.829645
1.435953	-0.193677	0.829321
1.436432	-0.193097	0.828996
1.43691	-0.192517	0.828672
1.437388	-0.191938	0.828347
1.437865	-0.191358	0.828022
1.438343	-0.190778	0.827698
1.43882	-0.190199	0.827373
1.439296	-0.18962	0.827048
1.439772	-0.18904	0.826723
1.440248	-0.188461	0.826397
1.440724	-0.187882	0.826072
1.441199	-0.187303	0.825747
1.441674	-0.186724	0.825421
1.442149	-0.186144	0.825095
1.442623	-0.185566	0.82477
1.443098	-0.184987	0.824444
1.443571	-0.184408	0.824118
1.444045	-0.183829	0.823792
1.444518	-0.183251	0.823466
1.444991	-0.182672	0.82314
1.445463	-0.182093	0.822814
1.445935	-0.181515	0.822488
1.446407	-0.180936	0.822161
1.446879	-0.180358	0.821835
1.44735	-0.17978	0.821508
1.447821	-0.179202	0.821182
1.448292	-0.178623	0.820855
1.448762	-0.178045	0.820528
1.449232	-0.177467	0.820201
1.449702	-0.176889	0.819874
1.450172	-0.176312	0.819547
1.450641	-0.175734	0.81922
1.45111	-0.175156	0.818893
1.451578	-0.174578	0.818565
1.452047	-0.174001	0.818238
1.452514	-0.173423	0.81791
1.452982	-0.172846	0.817583
1.453449	-0.172268	0.817255
1.453917	-0.171691	0.816927
1.454383	-0.171114	0.816599
1.45485	-0.170536	0.816271
1.455316	-0.169959	0.815943
1.455782	-0.169382	0.815615
1.456247	-0.168805	0.815287
1.456712	-0.168228	0.814959
1.457177	-0.167651	0.81463
1.457642	-0.167074	0.814302
1.458107	-0.166498	0.813973
1.458571	-0.165921	0.813644
1.459034	-0.165344	0.813316
1.459498	-0.164768	0.812987
1.459961	-0.164191	0.812658
1.460424	-0.163615	0.812329
1.460886	-0.163038	0.812
1.461349	-0.162462	0.81167
1.461811	-0.161886	0.811341
1.462273	-0.161309	0.811012
1.462734	-0.160733	0.810682
1.463195	-0.160157	0.810353
1.463656	-0.159581	0.810023
1.464116	-0.159005	0.809693
1.464577	-0.158429	0.809364
1.465037	-0.157854	0.809034
1.465496	-0.157278	0.808704
1.465956	-0.156702	0.808374
1.466415	-0.156126	0.808043
1.466874	-0.155551	0.807713
1.467332	-0.154975	0.807383
1.467791	-0.1544	0.807053
1.468249	-0.153825	0.806722
1.468706	-0.153249	0.806392
1.469164	-0.152674	0.806061
1.469621	-0.152099	0.80573
1.470078	-0.151524	0.805399
1.470534	-0.150949	0.805068
1.47099	-0.150374	0.804737
1.471446	-0.149799	0.804406
1.471902	-0.149224	0.804075
1.472358	-0.148649	0.803744
1.472813	-0.148074	0.803412
1.473267	-0.1475	0.803081
1.473722	-0.146925	0.802749
1.474176	-0.146351	0.802418
1.47463	-0.145776	0.802086
1.475084	-0.145202	0.801754
1.475538	-0.144627	0.801423
1.475991	-0.144053	0.80109
1.476444	-0.143479	0.800758
1.476896	-0.142905	0.800426
1.477349	-0.142331	0.800094
1.477801	-0.141756	0.799762
1.478252	-0.141182	0.799429
1.478704	-0.140609	0.799097
1.479155	-0.140035	0.798765
1.479606	-0.139461	0.798432
1.480057	-0.138887	0.798099
1.480507	-0.138313	0.797766
1.480957	-0.13774	0.797433
1.481407	-0.137166	0.7971
1.481857	-0.136593	0.796767
1.482306	-0.136019	0.796434
1.482755	-0.135446	0.796101
1.483204	-0.134873	0.795768
1.483652	-0.134299	0.795434
1.484101	-0.133726	0.795101
1.484549	-0.133153	0.794767
1.484996	-0.13258	0.794434
1.485444	-0.132007	0.7941
1.485891	-0.131434	0.793766
1.486338	-0.130861	0.793432
1.486784	-0.130289	0.793098
1.487231	-0.129716	0.792764
1.487677	-0.129143	0.79243
1.488123	-0.12857	0.792096
1.488568	-0.127998	0.791761
1.489013	-0.127425	0.791427
1.489458	-0.126853	0.791092
1.489903	-0.126281	0.790758
1.490348	-0.125708	0.790423
1.490792	-0.125136	0.790088
1.491236	-0.124564	0.789753
1.49168	-0.123992	0.789418
1.492123	-0.12342	0.789083
1.492566	-0.122848	0.788748
1.493009	-0.122276	0.788413
1.493452	-0.121704	0.788078
1.493894	-0.121132	0.787742
1.494336	-0.12056	0.787407
1.494778	-0.119988	0.787072
1.49522	-0.119417	0.786736
1.495661	-0.118845	0.7864
1.496102	-0.118274	0.786065
1.496543	-0.117702	0.785729
1.496983	-0.117131	0.785393
1.497424	-0.116559	0.785057
1.497864	-0.115988	0.784721
1.498304	-0.115417	0.784384
1.498743	-0.114846	0.784048
1.499182	-0.114275	0.783712
1.499621	-0.113704	0.783375
1.50006	-0.113133	0.783039
1.500498	-0.112562	0.782702
1.500937	-0.111991	0.782366
1.501375	-0.11142	0.782029
1.501812	-0.110849	0.781692
1.50225	-0.110279	0.781355
1.502687	-0.109708	0.781018
1.503124	-0.109138	0.780681
1.503561	-0.108567	0.780344
1.503997	-0.107997	0.780006
1.504433	-0.107426	0.779669
1.504869	-0.106856	0.779331
1.505305	-0.106286	0.778994
1.50574	-0.105716	0.778656
1.506176	-0.105145	0.778319
1.506611	-0.104575	0.777981
1.507045	-0.104005	0.777643
1.50748	-0.103435	0.777305
1.507914	-0.102866	0.776967
1.508348	-0.102296	0.776629
1.508781	-0.101726	0.77629
1.509215	-0.101156	0.775952
1.509648	-0.100587	0.775614
1.510081	-0.100017	0.775275
1.510514	-0.099447	0.774937
1.510946	-0.098878	0.774598
1.511378	-0.098309	0.774259
1.51181	-0.097739	0.773921
1.512242	-0.09717	0.773582
1.512673	-0.096601	0.773243
1.513105	-0.096032	0.772904
1.513536	-0.095462	0.772565
1.513966	-0.094893	0.772225
1.514397	-0.094324	0.771886
1.514827	-0.093756	0.771547
1.515257	-0.093187	0.771207
1.515687	-0.092618	0.770868
1.516116	-0.092049	0.770528
1.516546	-0.09148	0.770188
1.516974	-0.090912	0.769848
1.517403	-0.090343	0.769509
1.517832	-0.089775	0.769169
1.51826	-0.089206	0.768829
1.518688	-0.088638	0.768488
1.519116	-0.08807	0.768148
1.519543	-0.087501	0.767808
1.519971	-0.086933	0.767467
1.520398	-0.086365	0.767127
1.520825	-0.085797	0.766786
1.521251	-0.085229	0.766446
1.521678	-0.084661	0.766105
1.522104	-0.084093	0.765764
1.52253	-0.083525	0.765423
1.522955	-0.082957	0.765082
1.523381	-0.08239	0.764741
1.523806	-0.081822	0.7644
1.524231	-0.081254	0.764059
1.524655	-0.080687	0.763718
1.52508	-0.080119	0.763376
1.525504	-0.079552	0.763035
1.525928	-0.078985	0.762693
1.526352	-0.078417	0.762351
1.526775	-0.07785	0.76201
1.527199	-0.077283	0.761668
1.527622	-0.076716	0.761326
1.528045	-0.076149	0.760984
1.528467	-0.075582	0.760642
1.52889	-0.075015	0.7603
1.529312	-0.074448	0.759957
1.529734	-0.073881	0.759615
1.530155	-0.073314	0.759273
1.530577	-0.072748	0.75893
1.530998	-0.072181	0.758588
1.531419	-0.071614	0.758245
1.531839	-0.071048	0.757902
1.53226	-0.070481	0.757559
1.53268	-0.069915	0.757217
1.5331	-0.069349	0.756873
1.53352	-0.068782	0.75653
1.53394	-0.068216	0.756187
1.534359	-0.06765	0.755844
1.534778	-0.067084	0.755501
1.535197	-0.066518	0.755157
1.535616	-0.065952	0.754814
1.536034	-0.065386	0.75447
1.536452	-0.06482	0.754126
1.53687	-0.064254	0.753783
1.537288	-0.063688	0.753439
1.537705	-0.063123	0.753095
1.538123	-0.062557	0.752751
1.53854	-0.061992	0.752407
1.538957	-0.061426	0.752063
1.539373	-0.060861	0.751718
1.53979	-0.060295	0.751374
1.540206	-0.05973	0.75103
1.540622	-0.059165	0.750685
1.541037	-0.0586	0.750341
1.541453	-0.058034	0.749996
1.541868	-0.057469	0.749651
1.542283	-0.056904	0.749306
1.542698	-0.056339	0.748961
1.543113	-0.055774	0.748616
1.543527	-0.05521	0.748271
1.543941	-0.054645	0.747926
1.544355	-0.05408	0.747581
1.544769	-0.053515	0.747235
1.545182	-0.052951	0.74689
1.545595	-0.052386	0.746544
1.546008	-0.051822	0.746199
1.546421	-0.051257	0.745853
1.546834	-0.050693	0.745507
1.547246	-0.050129	0.745162
1.547658	-0.049564	0.744816
1.54807	-0.049	0.74447
1.548482	-0.048436	0.744123
1.548894	-0.047872	0.743777
1.549305	-0.047308	0.743431
1.549716	-0.046744	0.743085
1.550127	-0.04618	0.742738
1.550537	-0.045617	0.742392
1.550948	-0.045053	0.742045
1.551358	-0.044489	0.741698
1.551768	-0.043926	0.741351
1.552178	-0.043362	0.741005
1.552587	-0.042798	0.740658
1.552997	-0.042235	0.740311
1.553406	-0.041672	0.739964
1.553815	-0.041108	0.739616
1.554223	-0.040545	0.739269
1.554632	-0.039982	0.738922
1.55504	-0.039419	0.738574
1.555448	-0.038856	0.738227
1.555856	-0.038293	0.737879
1.556264	-0.03773	0.737531
1.556671	-0.037167	0.737183
1.557078	-0.036604	0.736836
1.557485	-0.036041	0.736488
1.557892	-0.035478	0.736139
1.558298	-0.034916	0.735791
1.558705	-0.034353	0.735443
1.559111	-0.033791	0.735095
1.559517	-0.033228	0.734747
1.559922	-0.032666	0.734398
1.560328	-0.032103	0.734049
1.560733	-0.031541	0.733701
1.561138	-0.030979	0.733352
1.561543	-0.030417	0.733003
1.561948	-0.029855	0.732654
1.562352	-0.029293	0.732305
1.562757	-0.028731	0.731956
1.563161	-0.028169	0.731607
1.563564	-0.027607	0.731258
1.563968	-0.027045	0.730909
1.564371	-0.026483	0.730559
1.564775	-0.025922	0.73021
1.565178	-0.02536	0.72986
1.56558	-0.024799	0.72951
1.565983	-0.024237	0.729161
1.566385	-0.023676	0.728811
1.566787	-0.023114	0.728461
1.567189	-0.022553	0.728111
1.567591	-0.021992	0.727761
1.567993	-0.021431	0.727411
1.568394	-0.020869	0.72706
1.568795	-0.020308	0.72671
1.569196	-0.019747	0.72636
1.569597	-0.019187	0.726009
1.569997	-0.018626	0.725659
1.570397	-0.018065	0.725308
1.570798	-0.017504	0.724957
1.571198	-0.016944	0.724606
1.571597	-0.016383	0.724255
1.571997	-0.015822	0.723904
1.572396	-0.015262	0.723553
1.572795	-0.014701	0.723202
1.573194	-0.014141	0.722851
1.573593	-0.013581	0.722499
1.573991	-0.013021	0.722148
1.574389	-0.01246	0.721797
1.574787	-0.0119	0.721445
1.575185	-0.01134	0.721093
1.575583	-0.01078	0.720741
1.575981	-0.01022	0.720389
1.576378	-0.009661	0.720038
1.576775	-0.009101	0.719686
1.577172	-0.008541	0.719333
1.577568	-0.007981	0.718981
1.577965	-0.007422	0.718629
1.578361	-0.006862	0.718277
1.578757	-0.006303	0.717924
1.579153	-0.005743	0.717572
1.579549	-0.005184	0.717219
1.579944	-0.004625	0.716866
1.580339	-0.004066	0.716513
1.580735	-0.003506	0.71616
1.581129	-0.002947	0.715807
1.581524	-0.002388	0.715454
1.581919	-0.001829	0.715101
1.582313	-0.00127	0.714748
1.582707	-7.12E-4	0.714395
1.583101	-1.53E-4	0.714041
1.583495	4.06E-4	0.713688
1.583888	9.64E-4	0.713334
1.584281	0.001523	0.712981
1.584675	0.002082	0.712627
1.585068	0.00264	0.712273
1.58546	0.003198	0.711919
1.585853	0.003757	0.711565
1.586245	0.004315	0.711211
1.586637	0.004873	0.710857
1.587029	0.005431	0.710503
1.587421	0.005989	0.710148
1.587813	0.006547	0.709794
1.588204	0.007105	0.709439
1.588595	0.007663	0.709085
1.588986	0.008221	0.70873
1.589377	0.008779	0.708375
1.589768	0.009336	0.70802
1.590158	0.009894	0.707666
1.590548	0.010451	0.707311
1.590938	0.011009	0.706955
1.591328	0.011566	0.7066
1.591718	0.012123	0.706245
1.592107	0.012681	0.70589
1.592496	0.013238	0.705534
1.592885	0.013795	0.705179
1.593274	0.014352	0.704823
1.593663	0.014909	0.704467
1.594052	0.015466	0.704111
1.59444	0.016023	0.703756
1.594828	0.01658	0.7034
1.595216	0.017136	0.703044
1.595604	0.017693	0.702687
1.595991	0.01825	0.702331
1.596379	0.018806	0.701975
1.596766	0.019363	0.701618
1.597153	0.019919	0.701262
1.59754	0.020475	0.700906
1.597926	0.021032	0.700549
1.598313	0.021588	0.700192
1.598699	0.022144	0.699835
1.599085	0.0227	0.699478
1.599471	0.023256	0.699121
1.599857	0.023812	0.698764
1.600242	0.024368	0.698407
1.600627	0.024924	0.69805
1.601013	0.025479	0.697692
1.601398	0.026035	0.697335
1.601782	0.026591	0.696978
1.602167	0.027146	0.69662
1.602551	0.027702	0.696262
1.602936	0.028257	0.695905
1.60332	0.028812	0.695547
1.603703	0.029368	0.695189
1.604087	0.029923	0.694831
1.60447	0.030478	0.694473
1.604854	0.031033	0.694114
1.605237	0.031588	0.693756
1.60562	0.032143	0.693398
1.606003	0.032698	0.693039
1.606385	0.033252	0.692681
1.606768	0.033807	0.692322
1.60715	0.034362	0.691963
1.607532	0.034916	0.691605
1.607914	0.035471	0.691246
1.608295	0.036025	0.690887
1.608677	0.036579	0.690528
1.609058	0.037134	0.690169
1.609439	0.037688	0.689809
1.60982	0.038242	0.68945
1.610201	0.038796	0.689091
1.610581	0.03935	0.688731
1.610962	0.039904	0.688372
1.611342	0.040458	0.688012
1.611722	0.041012	0.687652
1.612102	0.041565	0.687292
1.612482	0.042119	0.686933
1.612861	0.042673	0.686572
1.61324	0.043226	0.686212
1.61362	0.043779	0.685852
1.613998	0.044333	0.685492
1.614377	0.044886	0.685132
1.614756	0.045439	0.684771
1.615134	0.045992	0.684411
1.615513	0.046545	0.68405
1.615891	0.047098	0.683689
1.616269	0.047651	0.683329
1.616646	0.048204	0.682968
1.617024	0.048757	0.682607
1.617401	0.04931	0.682246
1.617778	0.049862	0.681885
1.618155	0.050415	0.681524
1.618532	0.050967	0.681162
1.618909	0.05152	0.680801
1.619285	0.052072	0.680439
1.619662	0.052625	0.680078
1.620038	0.053177	0.679716
1.620414	0.053729	0.679354
1.62079	0.054281	0.678993
1.621165	0.054833	0.678631
1.621541	0.055385	0.678269
1.621916	0.055937	0.677907
1.622291	0.056488	0.677545
1.622666	0.05704	0.677182
1.623041	0.057592	0.67682
1.623415	0.058143	0.676458
1.62379	0.058695	0.676095
1.624164	0.059246	0.675733
1.624538	0.059797	0.67537
1.624912	0.060349	0.675007
1.625286	0.0609	0.674644
1.625659	0.061451	0.674281
1.626032	0.062002	0.673918
1.626406	0.062553	0.673555
1.626779	0.063104	0.673192
1.627151	0.063654	0.672829
1.627524	0.064205	0.672466
1.627897	0.064756	0.672102
1.628269	0.065306	0.671739
1.628641	0.065857	0.671375
1.629013	0.066407	0.671011
1.629385	0.066958	0.670647
1.629757	0.067508	0.670284
1.630128	0.068058	0.66992
1.6305	0.068608	0.669556
1.630871	0.069158	0.669192
1.631242	0.069708	0.668827
1.631613	0.070258	0.668463
1.631983	0.070808	0.668099
1.632354	0.071358	0.667734
1.632724	0.071907	0.667369
1.633094	0.072457	0.667005
1.633464	0.073006	0.66664
1.633834	0.073556	0.666275
1.634204	0.074105	0.66591
1.634573	0.074654	0.665545
1.634942	0.075204	0.66518
1.635312	0.075753	0.664815
1.635681	0.076302	0.66445
1.636049	0.076851	0.664085
1.636418	0.0774	0.663719
1.636786	0.077948	0.663354
1.637155	0.078497	0.662988
1.637523	0.079046	0.662623
1.637891	0.079594	0.662257
1.638259	0.080143	0.661891
1.638626	0.080691	0.661525
1.638994	0.081239	0.661159
1.639361	0.081788	0.660793
1.639728	0.082336	0.660427
1.640095	0.082884	0.66006
1.640462	0.083432	0.659694
1.640829	0.08398	0.659328
1.641195	0.084528	0.658961
1.641562	0.085075	0.658594
1.641928	0.085623	0.658228
1.642294	0.086171	0.657861
1.64266	0.086718	0.657494
1.643025	0.087266	0.657127
1.643391	0.087813	0.65676
1.643756	0.08836	0.656393
1.644122	0.088907	0.656026
1.644487	0.089454	0.655658
1.644851	0.090002	0.655291
1.645216	0.090548	0.654923
1.645581	0.091095	0.654556
1.645945	0.091642	0.654188
1.646309	0.092189	0.65382
1.646673	0.092735	0.653453
1.647037	0.093282	0.653085
1.647401	0.093828	0.652717
1.647765	0.094375	0.652349
1.648128	0.094921	0.65198
1.648491	0.095467	0.651612
1.648854	0.096013	0.651244
1.649217	0.096559	0.650875
1.64958	0.097105	0.650507
1.649943	0.097651	0.650138
1.650305	0.098197	0.64977
1.650668	0.098743	0.649401
1.65103	0.099288	0.649032
1.651392	0.099834	0.648663
1.651753	0.100379	0.648294
1.652115	0.100925	0.647925
1.652477	0.10147	0.647556
1.652838	0.102015	0.647186
1.653199	0.10256	0.646817
1.65356	0.103105	0.646448
1.653921	0.10365	0.646078
1.654282	0.104195	0.645708
1.654642	0.10474	0.645339
1.655003	0.105284	0.644969
1.655363	0.105829	0.644599
1.655723	0.106374	0.644229
1.656083	0.106918	0.643859
1.656443	0.107462	0.643489
1.656803	0.108006	0.643119
1.657162	0.108551	0.642748
1.657521	0.109095	0.642378
1.65788	0.109639	0.642007
1.658239	0.110183	0.641637
1.658598	0.110726	0.641266
1.658957	0.11127	0.640895
1.659316	0.111814	0.640525
1.659674	0.112357	0.640154
1.660032	0.112901	0.639783
1.66039	0.113444	0.639412
1.660748	0.113987	0.63904
1.661106	0.114531	0.638669
1.661463	0.115074	0.638298
1.661821	0.115617	0.637926
1.662178	0.11616	0.637555
1.662535	0.116702	0.637183
1.662892	0.117245	0.636812
1.663249	0.117788	0.63644
1.663606	0.11833	0.636068
1.663962	0.118873	0.635696
1.664319	0.119415	0.635324
1.664675	0.119957	0.634952
1.665031	0.1205	0.63458
1.665387	0.121042	0.634207
1.665743	0.121584	0.633835
1.666099	0.122126	0.633463
1.666454	0.122667	0.63309
1.666809	0.123209	0.632717
1.667165	0.123751	0.632345
1.66752	0.124292	0.631972
1.667874	0.124834	0.631599
1.668229	0.125375	0.631226
1.668584	0.125916	0.630853
1.668938	0.126458	0.63048
1.669292	0.126999	0.630107
1.669647	0.12754	0.629733
1.67	0.128081	0.62936
1.670354	0.128622	0.628987
1.670708	0.129162	0.628613
1.671061	0.129703	0.628239
1.671415	0.130243	0.627866
1.671768	0.130784	0.627492
1.672121	0.131324	0.627118
1.672474	0.131864	0.626744
1.672827	0.132405	0.62637
1.673179	0.132945	0.625996
1.673532	0.133485	0.625622
1.673884	0.134024	0.625247
1.674236	0.134564	0.624873
1.674588	0.135104	0.624498
1.67494	0.135643	0.624124
1.675292	0.136183	0.623749
1.675644	0.136722	0.623374
1.675995	0.137262	0.622999
1.676346	0.137801	0.622625
1.676697	0.13834	0.62225
1.677048	0.138879	0.621875
1.677399	0.139418	0.621499
1.67775	0.139957	0.621124
1.6781	0.140495	0.620749
1.678451	0.141034	0.620373
1.678801	0.141572	0.619998
1.679151	0.142111	0.619622
1.679501	0.142649	0.619247
1.679851	0.143187	0.618871
1.680201	0.143725	0.618495
1.68055	0.144263	0.618119
1.6809	0.144801	0.617743
1.681249	0.145339	0.617367
1.681598	0.145877	0.616991
1.681947	0.146414	0.616615
1.682296	0.146952	0.616238
1.682644	0.147489	0.615862
1.682993	0.148027	0.615485
1.683341	0.148564	0.615109
1.68369	0.149101	0.614732
1.684038	0.149638	0.614355
1.684386	0.150175	0.613978
1.684733	0.150712	0.613602
1.685081	0.151248	0.613224
1.685429	0.151785	0.612847
1.685776	0.152322	0.61247
1.686123	0.152858	0.612093
1.68647	0.153394	0.611716
1.686817	0.15393	0.611338
1.687164	0.154466	0.610961
1.687511	0.155002	0.610583
1.687857	0.155538	0.610205
1.688203	0.156074	0.609828
1.68855	0.15661	0.60945
1.688896	0.157145	0.609072
1.689242	0.157681	0.608694
1.689588	0.158216	0.608316
1.689933	0.158751	0.607937
1.690279	0.159287	0.607559
1.690624	0.159822	0.607181
1.690969	0.160357	0.606802
1.691314	0.160891	0.606424
1.691659	0.161426	0.606045
1.692004	0.161961	0.605667
1.692349	0.162495	0.605288
1.692693	0.16303	0.604909
1.693038	0.163564	0.60453
1.693382	0.164098	0.604151
1.693726	0.164632	0.603772
1.69407	0.165166	0.603393
1.694414	0.1657	0.603014
1.694758	0.166234	0.602634
1.695101	0.166768	0.602255
1.695445	0.167301	0.601875
1.695788	0.167835	0.601496
1.696131	0.168368	0.601116
1.696474	0.168901	0.600736
1.696817	0.169434	0.600356
1.69716	0.169967	0.599976
1.697502	0.1705	0.599596
1.697845	0.171033	0.599216
1.698187	0.171566	0.598836
1.698529	0.172098	0.598456
1.698871	0.172631	0.598076
1.699213	0.173163	0.597695
1.699555	0.173695	0.597315
1.699896	0.174227	0.596934
1.700238	0.174759	0.596553
1.700579	0.175291	0.596173
1.70092	0.175823	0.595792
1.701262	0.176355	0.595411
1.701603	0.176886	0.59503
1.701943	0.177418	0.594649
1.702284	0.177949	0.594268
1.702624	0.17848	0.593886
1.702965	0.179011	0.593505
1.703305	0.179542	0.593124
1.703645	0.180073	0.592742
1.703985	0.180604	0.592361
1.704325	0.181135	0.591979
1.704665	0.181665	0.591597
1.705004	0.182196	0.591215
1.705344	0.182726	0.590833
1.705683	0.183256	0.590451
1.706022	0.183786	0.590069
1.706361	0.184316	0.589687
1.7067	0.184846	0.589305
1.707039	0.185376	0.588923
1.707378	0.185905	0.58854
1.707716	0.186435	0.588158
1.708055	0.186964	0.587775
1.708393	0.187493	0.587393
1.708731	0.188022	0.58701
1.709069	0.188552	0.586627
1.709407	0.18908	0.586244
1.709744	0.189609	0.585861
1.710082	0.190138	0.585478
1.710419	0.190666	0.585095
1.710757	0.191195	0.584712
1.711094	0.191723	0.584329
1.711431	0.192251	0.583945
1.711768	0.192779	0.583562
1.712104	0.193307	0.583179
1.712441	0.193835	0.582795
1.712777	0.194363	0.582411
1.713114	0.194891	0.582027
1.71345	0.195418	0.581644
1.713786	0.195945	0.58126
1.714122	0.196473	0.580876
1.714458	0.197	0.580492
1.714794	0.197527	0.580108
1.715129	0.198054	0.579723
1.715465	0.19858	0.579339
1.7158	0.199107	0.578954
1.716135	0.199633	0.57857
1.71647	0.20016	0.578185
1.716805	0.200686	0.577801
1.71714	0.201212	0.577416
1.717475	0.201738	0.577031
1.717809	0.202264	0.576646
1.718144	0.20279	0.576262
1.718478	0.203315	0.575876
1.718812	0.203841	0.575491
1.719146	0.204366	0.575106
1.71948	0.204892	0.574721
1.719814	0.205417	0.574335
1.720147	0.205942	0.57395
1.720481	0.206467	0.573565
1.720814	0.206991	0.573179
1.721147	0.207516	0.572793
1.72148	0.20804	0.572408
1.721813	0.208565	0.572022
1.722146	0.209089	0.571636
1.722479	0.209613	0.57125
1.722812	0.210137	0.570864
1.723144	0.210661	0.570478
1.723476	0.211185	0.570091
1.723809	0.211708	0.569705
1.724141	0.212232	0.569319
1.724473	0.212755	0.568932
1.724805	0.213278	0.568546
1.725136	0.213801	0.568159
1.725468	0.214324	0.567772
1.725799	0.214847	0.567386
1.72613	0.21537	0.566999
1.726462	0.215892	0.566612
1.726793	0.216415	0.566225
1.727124	0.216937	0.565838
1.727454	0.217459	0.565451
1.727785	0.217981	0.565063
1.728116	0.218503	0.564676
1.728446	0.219025	0.564289
1.728776	0.219547	0.563901
1.729107	0.220068	0.563514
1.729437	0.220589	0.563126
1.729766	0.221111	0.562738
1.730096	0.221632	0.562351
1.730426	0.222153	0.561963
1.730756	0.222674	0.561575
1.731085	0.223194	0.561187
1.731414	0.223715	0.560799
1.731743	0.224235	0.560411
1.732072	0.224755	0.560022
1.732401	0.225276	0.559634
1.73273	0.225796	0.559246
1.733059	0.226316	0.558857
1.733387	0.226835	0.558469
1.733716	0.227355	0.55808
1.734044	0.227874	0.557691
1.734372	0.228394	0.557302
1.7347	0.228913	0.556914
1.735028	0.229432	0.556525
1.735356	0.229951	0.556136
1.735684	0.23047	0.555747
1.736011	0.230988	0.555357
1.736339	0.231507	0.554968
1.736666	0.232025	0.554579
1.736993	0.232543	0.55419
1.73732	0.233061	0.5538
1.737647	0.233579	0.553411
1.737974	0.234097	0.553021
1.738301	0.234615	0.552631
1.738627	0.235132	0.552241
1.738954	0.23565	0.551852
1.73928	0.236167	0.551462
1.739606	0.236684	0.551072
1.739932	0.237201	0.550682
1.740258	0.237718	0.550292
1.740584	0.238234	0.549901
1.74091	0.238751	0.549511
1.741235	0.239267	0.549121
1.741561	0.239783	0.54873
1.741886	0.240299	0.54834
1.742211	0.240815	0.547949
1.742536	0.241331	0.547558
1.742861	0.241847	0.547168
1.743186	0.242362	0.546777
1.743511	0.242878	0.546386
1.743836	0.243393	0.545995
1.74416	0.243908	0.545604
1.744484	0.244423	0.545213
1.744809	0.244938	0.544822
1.745133	0.245452	0.54443
1.745457	0.245967	0.544039
1.745781	0.246481	0.543648
1.746104	0.246995	0.543256
1.746428	0.247509	0.542865
1.746752	0.248023	0.542473
1.747075	0.248537	0.542081
1.747398	0.24905	0.54169
1.747722	0.249564	0.541298
1.748045	0.250077	0.540906
1.748368	0.25059	0.540514
1.74869	0.251103	0.540122
1.749013	0.251616	0.53973
1.749336	0.252129	0.539337
1.749658	0.252641	0.538945
1.74998	0.253154	0.538553
1.750303	0.253666	0.53816
1.750625	0.254178	0.537768
1.750947	0.25469	0.537375
1.751269	0.255202	0.536983
1.75159	0.255713	0.53659
1.751912	0.256225	0.536197
1.752234	0.256736	0.535804
1.752555	0.257247	0.535411
1.752876	0.257758	0.535018
1.753197	0.258269	0.534625
1.753518	0.25878	0.534232
1.753839	0.25929	0.533839
1.75416	0.2598	0.533446
1.754481	0.260311	0.533052
1.754801	0.260821	0.532659
1.755122	0.261331	0.532265
1.755442	0.26184	0.531872
1.755762	0.26235	0.531478
1.756083	0.262859	0.531084
1.756402	0.263369	0.530691
1.756722	0.263878	0.530297
1.757042	0.264387	0.529903
1.757362	0.264895	0.529509
1.757681	0.265404	0.529115
1.758001	0.265912	0.528721
1.75832	0.266421	0.528326
1.758639	0.266929	0.527932
1.758958	0.267437	0.527538
1.759277	0.267945	0.527143
1.759596	0.268452	0.526749
1.759915	0.26896	0.526354
1.760233	0.269467	0.52596
1.760552	0.269974	0.525565
1.76087	0.270481	0.52517
1.761188	0.270988	0.524775
1.761506	0.271495	0.524381
1.761824	0.272002	0.523985
1.762142	0.272508	0.52359
1.76246	0.273014	0.523195
1.762778	0.27352	0.5228
1.763095	0.274026	0.522405
1.763413	0.274532	0.52201
1.76373	0.275037	0.521614
1.764047	0.275543	0.521219
1.764364	0.276048	0.520823
1.764682	0.276553	0.520428
1.764998	0.277058	0.520032
1.765315	0.277562	0.519636
1.765632	0.278067	0.51924
1.765948	0.278571	0.518845
1.766265	0.279075	0.518449
1.766581	0.279579	0.518053
1.766897	0.280083	0.517657
1.767213	0.280587	0.51726
1.767529	0.281091	0.516864
1.767845	0.281594	0.516468
1.768161	0.282097	0.516072
1.768476	0.2826	0.515675
1.768792	0.283103	0.515279
1.769107	0.283606	0.514882
1.769423	0.284108	0.514486
1.769738	0.28461	0.514089
1.770053	0.285113	0.513692
1.770368	0.285614	0.513295
1.770683	0.286116	0.512899
1.770998	0.286618	0.512502
1.771312	0.287119	0.512105
1.771627	0.287621	0.511707
1.771941	0.288122	0.51131
1.772255	0.288623	0.510913
1.77257	0.289123	0.510516
1.772884	0.289624	0.510119
1.773198	0.290124	0.509721
1.773511	0.290625	0.509324
1.773825	0.291125	0.508926
1.774139	0.291625	0.508529
1.774452	0.292124	0.508131
1.774766	0.292624	0.507733
1.775079	0.293123	0.507335
1.775392	0.293622	0.506938
1.775705	0.294121	0.50654
1.776018	0.29462	0.506142
1.776331	0.295119	0.505744
1.776644	0.295617	0.505345
1.776956	0.296115	0.504947
1.777269	0.296613	0.504549
1.777581	0.297111	0.504151
1.777894	0.297609	0.503752
1.778206	0.298107	0.503354
1.778518	0.298604	0.502955
1.77883	0.299101	0.502557
1.779142	0.299598	0.502158
1.779453	0.300095	0.50176
1.779765	0.300592	0.501361
1.780077	0.301088	0.500962
1.780388	0.301584	0.500563
1.780699	0.30208	0.500164
1.781011	0.302576	0.499765
1.781322	0.303072	0.499366
1.781633	0.303567	0.498967
1.781943	0.304063	0.498568
1.782254	0.304558	0.498169
1.782565	0.305053	0.497769
1.782875	0.305548	0.49737
1.783186	0.306042	0.496971
1.783496	0.306537	0.496571
1.783806	0.307031	0.496171
1.784117	0.307525	0.495772
1.784427	0.308019	0.495372
1.784736	0.308512	0.494972
1.785046	0.309006	0.494573
1.785356	0.309499	0.494173
1.785666	0.309992	0.493773
1.785975	0.310485	0.493373
1.786284	0.310978	0.492973
1.786594	0.31147	0.492573
1.786903	0.311963	0.492172
1.787212	0.312455	0.491772
1.787521	0.312947	0.491372
1.78783	0.313438	0.490972
1.788138	0.31393	0.490571
1.788447	0.314421	0.490171
1.788755	0.314912	0.48977
1.789064	0.315403	0.48937
1.789372	0.315894	0.488969
1.78968	0.316385	0.488568
1.789988	0.316875	0.488168
1.790296	0.317365	0.487767
1.790604	0.317855	0.487366
1.790912	0.318345	0.486965
1.79122	0.318835	0.486564
1.791527	0.319324	0.486163
1.791835	0.319813	0.485762
1.792142	0.320302	0.48536
1.792449	0.320791	0.484959
1.792756	0.32128	0.484558
1.793063	0.321768	0.484157
1.79337	0.322256	0.483755
1.793677	0.322744	0.483354
1.793984	0.323232	0.482952
1.794291	0.323719	0.482551
1.794597	0.324207	0.482149
1.794904	0.324694	0.481747
1.79521	0.325181	0.481346
1.795516	0.325668	0.480944
1.795822	0.326154	0.480542
1.796128	0.326641	0.48014
1.796434	0.327127	0.479738
1.79674	0.327613	0.479336
1.797045	0.328099	0.478934
1.797351	0.328584	0.478532
1.797656	0.32907	0.47813
1.797962	0.329555	0.477727
1.798267	0.33004	0.477325
1.798572	0.330525	0.476923
1.798877	0.331009	0.47652
1.799182	0.331493	0.476118
1.799487	0.331978	0.475715
1.799792	0.332461	0.475313
1.800096	0.332945	0.47491
1.800401	0.333429	0.474507
1.800705	0.333912	0.474105
1.80101	0.334395	0.473702
1.801314	0.334878	0.473299
1.801618	0.335361	0.472896
1.801922	0.335843	0.472493
1.802226	0.336325	0.47209
1.80253	0.336807	0.471687
1.802833	0.337289	0.471284
1.803137	0.337771	0.470881
1.803441	0.338252	0.470478
1.803744	0.338733	0.470074
1.804047	0.339214	0.469671
1.80435	0.339695	0.469268
1.804654	0.340176	0.468864
1.804957	0.340656	0.468461
1.805259	0.341136	0.468057
1.805562	0.341616	0.467653
1.805865	0.342096	0.46725
1.806168	0.342575	0.466846
1.80647	0.343054	0.466442
1.806772	0.343533	0.466039
1.807075	0.344012	0.465635
1.807377	0.344491	0.465231
1.807679	0.344969	0.464827
1.807981	0.345447	0.464423
1.808283	0.345925	0.464019
1.808585	0.346403	0.463615
1.808886	0.34688	0.46321
1.809188	0.347358	0.462806
1.809489	0.347835	0.462402
1.809791	0.348312	0.461998
1.810092	0.348788	0.461593
1.810393	0.349265	0.461189
1.810694	0.349741	0.460784
1.810995	0.350217	0.46038
1.811296	0.350692	0.459975
1.811597	0.351168	0.459571
1.811898	0.351643	0.459166
1.812198	0.352118	0.458761
1.812499	0.352593	0.458357
1.812799	0.353068	0.457952
1.813099	0.353542	0.457547
1.8134	0.354016	0.457142
1.8137	0.35449	0.456737
1.814	0.354964	0.456332
1.814299	0.355437	0.455927
1.814599	0.355911	0.455522
1.814899	0.356384	0.455117
1.815199	0.356856	0.454712
1.815498	0.357329	0.454306
1.815797	0.357801	0.453901
1.816097	0.358273	0.453496
1.816396	0.358745	0.45309
1.816695	0.359217	0.452685
1.816994	0.359688	0.45228
1.817293	0.36016	0.451874
1.817592	0.36063	0.451468
1.81789	0.361101	0.451063
1.818189	0.361572	0.450657
1.818488	0.362042	0.450251
1.818786	0.362512	0.449846
1.819084	0.362982	0.44944
1.819382	0.363451	0.449034
1.819681	0.363921	0.448628
1.819979	0.36439	0.448222
1.820276	0.364859	0.447816
1.820574	0.365327	0.44741
1.820872	0.365796	0.447004
1.82117	0.366264	0.446598
1.821467	0.366732	0.446192
1.821765	0.367199	0.445786
1.822062	0.367667	0.44538
1.822359	0.368134	0.444973
1.822656	0.368601	0.444567
1.822953	0.369068	0.444161
1.82325	0.369534	0.443754
1.823547	0.37	0.443348
1.823844	0.370466	0.442941
1.824141	0.370932	0.442535
1.824437	0.371398	0.442128
1.824734	0.371863	0.441721
1.82503	0.372328	0.441315
1.825326	0.372793	0.440908
1.825622	0.373257	0.440502
1.825918	0.373721	0.440095
1.826214	0.374185	0.439688
1.82651	0.374649	0.439281
1.826806	0.375113	0.438874
1.827102	0.375576	0.438467
1.827397	0.376039	0.43806
1.827693	0.376502	0.437653
1.827988	0.376965	0.437246
1.828284	0.377427	0.436839
1.828579	0.377889	0.436432
1.828874	0.378351	0.436025
1.829169	0.378812	0.435617
1.829464	0.379274	0.43521
1.829759	0.379735	0.434803
1.830054	0.380196	0.434396
1.830348	0.380656	0.433988
1.830643	0.381117	0.433581
1.830937	0.381577	0.433173
1.831232	0.382037	0.432766
1.831526	0.382496	0.432358
1.83182	0.382955	0.431951
1.832114	0.383415	0.431543
1.832408	0.383873	0.431135
1.832702	0.384332	0.430728
1.832996	0.38479	0.43032
1.833289	0.385248	0.429912
1.833583	0.385706	0.429504
1.833877	0.386164	0.429096
1.83417	0.386621	0.428689
1.834463	0.387078	0.428281
1.834757	0.387535	0.427873
1.83505	0.387991	0.427465
1.835343	0.388447	0.427057
1.835636	0.388903	0.426649
1.835929	0.389359	0.426241
1.836221	0.389815	0.425832
1.836514	0.39027	0.425424
1.836807	0.390725	0.425016
1.837099	0.39118	0.424608
1.837391	0.391634	0.4242
1.837684	0.392088	0.423791
1.837976	0.392542	0.423383
1.838268	0.392996	0.422975
1.83856	0.393449	0.422566
1.838852	0.393902	0.422158
1.839144	0.394355	0.421749
1.839436	0.394808	0.421341
1.839727	0.39526	0.420932
1.840019	0.395712	0.420524
1.84031	0.396164	0.420115
1.840602	0.396616	0.419706
1.840893	0.397067	0.419298
1.841184	0.397518	0.418889
1.841475	0.397969	0.41848
1.841766	0.398419	0.418072
1.842057	0.398869	0.417663
1.842348	0.399319	0.417254
1.842639	0.399769	0.416845
1.842929	0.400218	0.416436
1.84322	0.400667	0.416027
1.84351	0.401116	0.415618
1.843801	0.401565	0.415209
1.844091	0.402013	0.4148
1.844381	0.402461	0.414391
1.844671	0.402909	0.413982
1.844961	0.403357	0.413573
1.845251	0.403804	0.413164
1.845541	0.404251	0.412755
1.845831	0.404697	0.412346
1.84612	0.405144	0.411936
1.84641	0.40559	0.411527
1.846699	0.406036	0.411118
1.846989	0.406481	0.410709
1.847278	0.406927	0.410299
1.847567	0.407372	0.40989
1.847856	0.407816	0.40948
1.848145	0.408261	0.409071
1.848434	0.408705	0.408662
1.848723	0.409149	0.408252
1.849012	0.409593	0.407843
1.8493	0.410036	0.407433
1.849589	0.410479	0.407024
1.849877	0.410922	0.406614
1.850166	0.411364	0.406204
1.850454	0.411807	0.405795
1.850742	0.412248	0.405385
1.85103	0.41269	0.404975
1.851318	0.413132	0.404566
1.851606	0.413573	0.404156
1.851894	0.414013	0.403746
1.852182	0.414454	0.403336
1.852469	0.414894	0.402927
1.852757	0.415334	0.402517
1.853044	0.415774	0.402107
1.853332	0.416213	0.401697
1.853619	0.416652	0.401287
1.853906	0.417091	0.400877
1.854193	0.41753	0.400467
1.85448	0.417968	0.400057
1.854767	0.418406	0.399647
1.855054	0.418843	0.399237
1.855341	0.419281	0.398827
1.855628	0.419718	0.398417
1.855914	0.420155	0.398007
1.856201	0.420591	0.397597
1.856487	0.421027	0.397187
1.856773	0.421463	0.396777
1.85706	0.421899	0.396367
1.857346	0.422334	0.395956
1.857632	0.422769	0.395546
1.857918	0.423204	0.395136
1.858204	0.423638	0.394726
1.85849	0.424072	0.394315
1.858775	0.424506	0.393905
1.859061	0.42494	0.393495
1.859346	0.425373	0.393084
1.859632	0.425806	0.392674
1.859917	0.426239	0.392264
1.860202	0.426671	0.391853
1.860488	0.427103	0.391443
1.860773	0.427535	0.391032
1.861058	0.427966	0.390622
1.861343	0.428397	0.390211
1.861627	0.428828	0.389801
1.861912	0.429259	0.38939
1.862197	0.429689	0.38898
1.862481	0.430119	0.388569
1.862766	0.430549	0.388159
1.86305	0.430978	0.387748
1.863335	0.431407	0.387338
1.863619	0.431836	0.386927
1.863903	0.432264	0.386516
1.864187	0.432692	0.386106
1.864471	0.43312	0.385695
1.864755	0.433548	0.385285
1.865039	0.433975	0.384874
1.865322	0.434402	0.384463
1.865606	0.434828	0.384052
1.865889	0.435254	0.383642
1.866173	0.43568	0.383231
1.866456	0.436106	0.38282
1.866739	0.436531	0.382409
1.867023	0.436956	0.381999
1.867306	0.437381	0.381588
1.867589	0.437806	0.381177
1.867872	0.43823	0.380766
1.868154	0.438653	0.380355
1.868437	0.439077	0.379944
1.86872	0.4395	0.379534
1.869002	0.439923	0.379123
1.869285	0.440345	0.378712
1.869567	0.440768	0.378301
1.86985	0.44119	0.37789
1.870132	0.441611	0.377479
1.870414	0.442033	0.377068
1.870696	0.442453	0.376657
1.870978	0.442874	0.376246
1.87126	0.443294	0.375835
1.871542	0.443714	0.375424
1.871824	0.444134	0.375013
1.872105	0.444553	0.374602
1.872387	0.444972	0.374191
1.872668	0.445391	0.37378
1.87295	0.44581	0.373369
1.873231	0.446228	0.372958
1.873512	0.446645	0.372547
1.873793	0.447063	0.372136
1.874074	0.44748	0.371725
1.874355	0.447897	0.371314
1.874636	0.448313	0.370903
1.874917	0.448729	0.370492
1.875198	0.449145	0.370081
1.875479	0.449561	0.369669
1.875759	0.449976	0.369258
1.876039	0.450391	0.368847
1.87632	0.450805	0.368436
1.8766	0.451219	0.368025
1.87688	0.451633	0.367614
1.87716	0.452047	0.367203
1.877441	0.45246	0.366792
1.87772	0.452873	0.36638
1.878	0.453285	0.365969
1.87828	0.453697	0.365558
1.87856	0.454109	0.365147
1.878839	0.454521	0.364736
1.879119	0.454932	0.364325
1.879399	0.455343	0.363913
1.879678	0.455753	0.363502
1.879957	0.456164	0.363091
1.880236	0.456573	0.36268
1.880516	0.456983	0.362269
1.880795	0.457392	0.361857
1.881074	0.457801	0.361446
1.881352	0.458209	0.361035
1.881631	0.458618	0.360624
1.88191	0.459026	0.360213
1.882189	0.459433	0.359801
1.882467	0.45984	0.35939
1.882746	0.460247	0.358979
1.883024	0.460653	0.358568
1.883302	0.46106	0.358157
1.883581	0.461465	0.357745
1.883859	0.461871	0.357334
1.884137	0.462276	0.356923
1.884415	0.462681	0.356512
1.884693	0.463085	0.3561
1.88497	0.463489	0.355689
1.885248	0.463893	0.355278
1.885526	0.464296	0.354867
1.885803	0.4647	0.354456
1.886081	0.465102	0.354044
1.886358	0.465505	0.353633
1.886636	0.465907	0.353222
1.886913	0.466308	0.352811
1.88719	0.46671	0.3524
1.887467	0.467111	0.351988
1.887744	0.467511	0.351577
1.888021	0.467911	0.351166
1.888298	0.468311	0.350755
1.888575	0.468711	0.350344
1.888851	0.46911	0.349933
1.889128	0.469509	0.349521
1.889404	0.469908	0.34911
1.889681	0.470306	0.348699
1.889957	0.470704	0.348288
1.890233	0.471101	0.347877
1.89051	0.471498	0.347466
1.890786	0.471895	0.347055
1.891062	0.472291	0.346643
1.891338	0.472687	0.346232
1.891614	0.473083	0.345821
1.891889	0.473478	0.34541
1.892165	0.473873	0.344999
1.892441	0.474268	0.344588
1.892716	0.474662	0.344177
1.892992	0.475056	0.343766
1.893267	0.475449	0.343355
1.893542	0.475843	0.342944
1.893818	0.476235	0.342533
1.894093	0.476628	0.342121
1.894368	0.47702	0.34171
1.894643	0.477412	0.341299
1.894918	0.477803	0.340888
1.895193	0.478194	0.340477
1.895467	0.478584	0.340066
1.895742	0.478975	0.339655
1.896016	0.479365	0.339244
1.896291	0.479754	0.338833
1.896565	0.480143	0.338423
1.89684	0.480532	0.338012
1.897114	0.480921	0.337601
1.897388	0.481309	0.33719
1.897662	0.481696	0.336779
1.897936	0.482084	0.336368
1.89821	0.482471	0.335957
1.898484	0.482857	0.335546
1.898758	0.483243	0.335135
1.899032	0.483629	0.334725
1.899305	0.484015	0.334314
1.899579	0.4844	0.333903
1.899852	0.484784	0.333492
1.900126	0.485169	0.333081
1.900399	0.485553	0.332671
1.900672	0.485936	0.33226
1.900946	0.486319	0.331849
1.901219	0.486702	0.331438
1.901492	0.487085	0.331028
1.901765	0.487467	0.330617
1.902037	0.487849	0.330206
1.90231	0.48823	0.329796
1.902583	0.488611	0.329385
1.902856	0.488991	0.328974
1.903128	0.489372	0.328564
1.903401	0.489751	0.328153
1.903673	0.490131	0.327743
1.903945	0.49051	0.327332
1.904217	0.490888	0.326922
1.90449	0.491267	0.326511
1.904762	0.491645	0.326101
1.905034	0.492022	0.32569
1.905306	0.492399	0.32528
1.905577	0.492776	0.324869
1.905849	0.493152	0.324459
1.906121	0.493528	0.324049
1.906392	0.493904	0.323638
1.906664	0.494279	0.323228
1.906935	0.494654	0.322818
1.907207	0.495028	0.322407
1.907478	0.495402	0.321997
1.907749	0.495776	0.321587
1.90802	0.496149	0.321176
1.908291	0.496522	0.320766
1.908562	0.496894	0.320356
1.908833	0.497266	0.319946
1.909104	0.497638	0.319536
1.909375	0.498009	0.319126
1.909646	0.49838	0.318716
1.909916	0.498751	0.318306
1.910187	0.499121	0.317895
1.910457	0.49949	0.317485
1.910728	0.49986	0.317075
1.910998	0.500229	0.316665
1.911268	0.500597	0.316256
1.911538	0.500965	0.315846
1.911808	0.501333	0.315436
1.912078	0.5017	0.315026
1.912348	0.502067	0.314616
1.912618	0.502434	0.314206
1.912888	0.5028	0.313797
1.913157	0.503165	0.313387
1.913427	0.503531	0.312977
1.913697	0.503896	0.312567
1.913966	0.50426	0.312158
1.914235	0.504624	0.311748
1.914505	0.504988	0.311338
1.914774	0.505351	0.310929
1.915043	0.505714	0.310519
1.915312	0.506077	0.31011
1.915581	0.506438	0.3097
1.91585	0.5068	0.309291
1.916119	0.507161	0.308881
1.916388	0.507522	0.308472
1.916656	0.507883	0.308063
1.916925	0.508243	0.307653
1.917194	0.508602	0.307244
1.917462	0.508961	0.306835
1.917731	0.50932	0.306426
1.917999	0.509679	0.306016
1.918267	0.510037	0.305607
1.918535	0.510394	0.305198
1.918803	0.510751	0.304789
1.919071	0.511108	0.30438
1.919339	0.511464	0.303971
1.919607	0.51182	0.303562
1.919875	0.512176	0.303153
1.920143	0.512531	0.302744
1.920411	0.512885	0.302335
1.920678	0.51324	0.301926
1.920946	0.513593	0.301518
1.921213	0.513947	0.301109
1.92148	0.5143	0.3007
1.921748	0.514652	0.300291
1.922015	0.515004	0.299883
1.922282	0.515356	0.299474
1.922549	0.515707	0.299065
1.922816	0.516058	0.298657
1.923083	0.516408	0.298248
1.92335	0.516758	0.29784
1.923617	0.517108	0.297431
1.923883	0.517457	0.297023
1.92415	0.517806	0.296615
1.924416	0.518154	0.296206
1.924683	0.518502	0.295798
1.924949	0.518849	0.29539
1.925216	0.519196	0.294982
1.925482	0.519543	0.294573
1.925748	0.519889	0.294165
1.926014	0.520235	0.293757
1.92628	0.52058	0.293349
1.926546	0.520925	0.292941
1.926812	0.521269	0.292533
1.927078	0.521613	0.292125
1.927343	0.521957	0.291718
1.927609	0.5223	0.29131
1.927875	0.522643	0.290902
1.92814	0.522985	0.290494
1.928406	0.523327	0.290087
1.928671	0.523668	0.289679
1.928936	0.524009	0.289271
1.929201	0.524349	0.288864
1.929467	0.524689	0.288456
1.929732	0.525029	0.288049
1.929997	0.525368	0.287641
1.930262	0.525707	0.287234
1.930526	0.526045	0.286827
1.930791	0.526383	0.28642
1.931056	0.526721	0.286012
1.931321	0.527058	0.285605
1.931585	0.527394	0.285198
1.93185	0.52773	0.284791
1.932114	0.528066	0.284384
1.932379	0.528401	0.283977
1.932643	0.528736	0.28357
1.932907	0.52907	0.283163
1.933171	0.529404	0.282756
1.933435	0.529737	0.28235
1.933699	0.53007	0.281943
1.933963	0.530403	0.281536
1.934227	0.530735	0.281129
1.934491	0.531066	0.280723
1.934754	0.531398	0.280316
1.935018	0.531728	0.27991
1.935282	0.532058	0.279504
1.935545	0.532388	0.279097
1.935808	0.532718	0.278691
1.936072	0.533047	0.278285
1.936335	0.533375	0.277878
1.936598	0.533703	0.277472
1.936861	0.53403	0.277066
1.937124	0.534358	0.27666
1.937387	0.534684	0.276254
1.93765	0.53501	0.275848
1.937913	0.535336	0.275442
1.938176	0.535661	0.275036
1.938439	0.535986	0.274631
1.938701	0.53631	0.274225
1.938964	0.536634	0.273819
1.939226	0.536958	0.273414
1.939489	0.53728	0.273008
1.939751	0.537603	0.272603
1.940013	0.537925	0.272197
1.940275	0.538246	0.271792
1.940538	0.538568	0.271387
1.9408	0.538888	0.270982
1.941062	0.539208	0.270576
1.941324	0.539528	0.270171
1.941585	0.539847	0.269766
1.941847	0.540166	0.269361
1.942109	0.540484	0.268956
1.942371	0.540802	0.268551
1.942632	0.541119	0.268147
1.942894	0.541436	0.267742
1.943155	0.541753	0.267337
1.943416	0.542068	0.266932
1.943678	0.542384	0.266528
1.943939	0.542699	0.266123
1.9442	0.543013	0.265719
1.944461	0.543327	0.265315
1.944722	0.543641	0.26491
1.944983	0.543954	0.264506
1.945244	0.544267	0.264102
1.945505	0.544579	0.263698
1.945765	0.54489	0.263294
1.946026	0.545202	0.26289
1.946287	0.545512	0.262486
1.946547	0.545822	0.262082
1.946808	0.546132	0.261678
1.947068	0.546441	0.261274
1.947328	0.54675	0.260871
1.947588	0.547058	0.260467
1.947849	0.547366	0.260064
1.948109	0.547673	0.25966
1.948369	0.54798	0.259257
1.948629	0.548287	0.258854
1.948889	0.548593	0.25845
1.949148	0.548898	0.258047
1.949408	0.549203	0.257644
1.949668	0.549507	0.257241
1.949927	0.549811	0.256838
1.950187	0.550114	0.256435
1.950446	0.550417	0.256032
1.950706	0.55072	0.25563
1.950965	0.551022	0.255227
1.951224	0.551323	0.254824
1.951484	0.551624	0.254422
1.951743	0.551925	0.254019
1.952002	0.552225	0.253617
1.952261	0.552524	0.253215
1.95252	0.552823	0.252812
1.952779	0.553122	0.25241
1.953037	0.55342	0.252008
1.953296	0.553717	0.251606
1.953555	0.554014	0.251204
1.953813	0.554311	0.250802
1.954072	0.554607	0.250401
1.95433	0.554902	0.249999
1.954589	0.555197	0.249597
1.954847	0.555492	0.249196
1.955105	0.555786	0.248794
1.955363	0.556079	0.248393
1.955621	0.556372	0.247992
1.95588	0.556665	0.24759
1.956137	0.556957	0.247189
1.956395	0.557248	0.246788
1.956653	0.557539	0.246387
1.956911	0.55783	0.245986
1.957169	0.55812	0.245585
1.957426	0.558409	0.245185
1.957684	0.558698	0.244784
1.957941	0.558986	0.244383
1.958199	0.559274	0.243983
1.958456	0.559562	0.243582
1.958713	0.559849	0.243182
1.958971	0.560135	0.242782
1.959228	0.560421	0.242381
1.959485	0.560706	0.241981
1.959742	0.560991	0.241581
1.959999	0.561276	0.241181
1.960256	0.561559	0.240782
1.960513	0.561843	0.240382
1.960769	0.562126	0.239982
1.961026	0.562408	0.239583
1.961282	0.56269	0.239183
1.961539	0.562971	0.238784
1.961796	0.563252	0.238384
1.962052	0.563532	0.237985
1.962308	0.563812	0.237586
1.962565	0.564091	0.237187
1.962821	0.564369	0.236788
1.963077	0.564647	0.236389
1.963333	0.564925	0.23599
1.963589	0.565202	0.235591
1.963845	0.565479	0.235193
1.964101	0.565755	0.234794
1.964357	0.56603	0.234396
1.964612	0.566305	0.233997
1.964868	0.56658	0.233599
1.965124	0.566854	0.233201
1.965379	0.567127	0.232803
1.965635	0.5674	0.232405
1.96589	0.567672	0.232007
1.966145	0.567944	0.231609
1.966401	0.568215	0.231211
1.966656	0.568486	0.230814
1.966911	0.568756	0.230416
1.967166	0.569026	0.230019
1.967421	0.569295	0.229621
1.967676	0.569564	0.229224
1.967931	0.569832	0.228827
1.968186	0.570099	0.22843
1.968441	0.570366	0.228033
1.968695	0.570633	0.227636
1.96895	0.570899	0.227239
1.969204	0.571164	0.226843
1.969459	0.571429	0.226446
1.969713	0.571693	0.22605
1.969968	0.571957	0.225653
1.970222	0.57222	0.225257
1.970476	0.572483	0.224861
1.97073	0.572745	0.224465
1.970984	0.573007	0.224069
1.971238	0.573268	0.223673
1.971492	0.573528	0.223277
1.971746	0.573788	0.222881
1.972	0.574048	0.222486
1.972254	0.574307	0.22209
1.972508	0.574565	0.221695
1.972761	0.574823	0.2213
1.973015	0.57508	0.220904
1.973268	0.575337	0.220509
1.973522	0.575593	0.220114
1.973775	0.575848	0.219719
1.974028	0.576103	0.219325
1.974282	0.576358	0.21893
1.974535	0.576612	0.218535
1.974788	0.576865	0.218141
1.975041	0.577118	0.217747
1.975294	0.57737	0.217353
1.975547	0.577622	0.216958
1.9758	0.577873	0.216564
1.976053	0.578124	0.21617
1.976305	0.578374	0.215777
1.976558	0.578623	0.215383
1.97681	0.578872	0.214989
1.977063	0.579121	0.214596
1.977316	0.579368	0.214202
1.977568	0.579616	0.213809
1.97782	0.579862	0.213416
1.978073	0.580108	0.213023
1.978325	0.580354	0.21263
1.978577	0.580599	0.212237
1.978829	0.580843	0.211844
1.979081	0.581087	0.211452
1.979333	0.58133	0.211059
1.979585	0.581573	0.210667
1.979837	0.581815	0.210275
1.980088	0.582057	0.209882
1.98034	0.582298	0.20949
1.980592	0.582538	0.209098
1.980843	0.582778	0.208707
1.981095	0.583017	0.208315
1.981346	0.583256	0.207923
1.981598	0.583494	0.207532
1.981849	0.583732	0.207141
1.9821	0.583969	0.206749
1.982351	0.584205	0.206358
1.982602	0.584441	0.205967
1.982854	0.584677	0.205576
1.983104	0.584911	0.205185
1.983356	0.585145	0.204795
1.983606	0.585379	0.204404
1.983857	0.585612	0.204014
1.984108	0.585844	0.203624
1.984359	0.586076	0.203233
1.984609	0.586307	0.202843
1.98486	0.586538	0.202453
1.98511	0.586768	0.202063
1.985361	0.586997	0.201674
1.985611	0.587226	0.201284
1.985861	0.587455	0.200895
1.986112	0.587682	0.200505
1.986362	0.587909	0.200116
1.986612	0.588136	0.199727
1.986862	0.588362	0.199338
1.987112	0.588587	0.198949
1.987362	0.588812	0.198561
1.987612	0.589036	0.198172
1.987861	0.58926	0.197783
1.988111	0.589483	0.197395
1.988361	0.589705	0.197007
1.98861	0.589927	0.196619
1.98886	0.590148	0.196231
1.989109	0.590369	0.195843
1.989359	0.590589	0.195455
1.989608	0.590808	0.195068
1.989857	0.591027	0.19468
1.990107	0.591245	0.194293
1.990356	0.591463	0.193906
1.990605	0.59168	0.193519
1.990854	0.591897	0.193132
1.991103	0.592112	0.192745
1.991352	0.592328	0.192358
1.991601	0.592542	0.191972
1.99185	0.592756	0.191585
1.992098	0.59297	0.191199
1.992347	0.593183	0.190813
1.992596	0.593395	0.190427
1.992844	0.593607	0.190041
1.993093	0.593818	0.189655
1.993341	0.594028	0.189269
1.993589	0.594238	0.188884
1.993838	0.594447	0.188499
1.994086	0.594656	0.188113
1.994334	0.594864	0.187728
1.994582	0.595071	0.187343
1.99483	0.595278	0.186958
1.995078	0.595484	0.186574
1.995326	0.595689	0.186189
1.995574	0.595894	0.185805
1.995822	0.596099	0.185421
1.99607	0.596302	0.185036
1.996317	0.596505	0.184652
1.996565	0.596708	0.184269
1.996812	0.59691	0.183885
1.99706	0.597111	0.183501
1.997307	0.597311	0.183118
1.997555	0.597511	0.182735
1.997802	0.597711	0.182351
1.998049	0.59791	0.181968
1.998296	0.598108	0.181585
1.998544	0.598305	0.181203
1.998791	0.598502	0.18082
1.999038	0.598698	0.180438
1.999285	0.598894	0.180055
1.999532	0.599089	0.179673
