# density (fm-3), kf, e, p, vs^2
0.01  0.6665375477311392  2.94264  0.0134757  0.00011779101482576725
0.015  0.762984711892096  3.54198  0.0244709  0.00011768083516149335
0.02  0.8397652840096557  4.05435  0.0390936  -0.0005765906102858439
0.025  0.9046030011082091  4.53005  0.0583024  -0.00032249707747346285
0.03  0.9612782887597225  4.99247  0.08285  -4.248410272767719e-05
0.035  1.0119580243904225  5.45325  0.113236  0.00022468586226184138
0.04  1.0580135127095287  5.91809  0.149726  0.0004542471521938291
0.045  1.100374075990257  6.38951  0.192401  0.0006330138054435679
0.05  1.1397020298818086  6.86827  0.241212  0.0007577225059984022
0.055  1.176488005276868  7.3542  0.296039  0.0008332836633711283
0.06  1.2111067679839747  7.84667  0.356746  0.0008709848502587411
0.065  1.2438518061002608  8.3449  0.423223  0.0008867725451948213
0.07  1.2749577584200247  8.84814  0.495424  0.0008997047392758624
0.075  1.3046155132178223  9.35579  0.573396  0.0009306219244666282
0.08  1.3329826969402145  9.86741  0.657298  0.0010010596177185476
0.085  1.3601911577281314  10.3828  0.747418  0.0011324004589744706
0.09  1.3863524291861147  10.9019  0.844174  0.001345219620075648
0.095  1.411561800344002  11.4251  0.948125  0.0016588018802642882
0.1  1.4359014013058058  11.9527  1.05996  0.002090866797133944
0.105  1.459442579482532  12.4853  1.18052  0.002657297421315633
0.11  1.482247755206434  13.0237  1.31075  0.0033720531088260383
0.115  1.5043718890517208  13.5689  1.45172  0.004247097283784304
0.12  1.5258636553095186  14.1218  1.60463  0.00529244114359334
0.125  1.5467663901450108  14.6836  1.77075  0.006516083582499687
0.13  1.567118864903085  15.2555  1.95149  0.007924132674252125
0.135  1.5869559222343248  15.8387  2.14829  0.009520832359400164
0.14  1.6063090035128518  16.4347  2.3627  0.011308657291096275
0.145  1.625206589310191  17.0447  2.59632  0.013288379796248568
0.15  1.643674569737348  17.67  2.85079  0.015459036951433774
0.155  1.6617365577683991  18.3121  3.12783  0.017818282387334343
0.16  1.6794141558661069  18.9724  3.42914  0.02036225929106146
0.165  1.6967271841001683  19.6521  3.75648  0.023085628922581963
0.17  1.7136938763091736  20.3526  4.11163  0.025982032433682304
0.175  1.7303310495842728  21.0752  4.49634  0.029043666194228917
0.18  1.746654251355935  21.8212  4.91238  0.03226174337511693
0.185  1.7626778875790496  22.5918  5.36152  0.03562663040778472
0.19  1.7784153348870422  23.3881  5.84549  0.039127540190779825
0.195  1.7938790390861112  24.2114  6.366  0.04275321399800169
0.2  1.8090806019585615  25.0627  6.92473  0.046491740541629176
0.205  1.824030858018573  25.9429  7.52332  0.050330356449896564
0.21  1.83873994259855  26.8532  8.16337  0.05425634112381723
0.215  1.853217352427036  27.7943  8.84642  0.05825630819613196
0.22  1.8674719996804978  28.7672  9.57397  0.06231696003227687
0.225  1.8815122603434795  29.7727  10.3474  0.0664249363640615
0.23  1.8953460175888621  30.8114  11.1682  0.07056666455464077
0.235  1.9089807007875064  31.8841  12.0377  0.07472897634934354
0.24  1.9224233206707115  32.9913  12.9569  0.07889910654333745
0.245  1.9356805010966889  34.1337  13.9273  0.08306408676037079
0.25  1.9487585078112655  35.3117  14.9498  0.08721211622467184
0.255  1.9616632745413145  36.5258  16.0255  0.09133120626333756
0.26  1.9744004267154465  37.7764  17.1553  0.09541030427387884
0.265  1.9869753030689572  39.0637  18.3403  0.09943895086941462
0.27  1.9993929753578885  40.3881  19.5812  0.10340734798143598
0.275  2.0116582663794698  41.7498  20.8788  0.10730643159633514
0.28  2.023775766472425  43.149  22.2337  0.11112732721348546
0.285  2.0357498486501  44.5858  23.6468  0.11486284798051814
0.29  2.047584682501565  46.0603  25.1184  0.11850602469603132
0.295  2.0592842469804102  47.5725  26.6492  0.12204995463251883
0.3  2.070852342187486  49.1225  28.2396  0.12548907037218243
0.305  2.0822926002420985  50.7102  29.8901  0.12882001718179867
0.31  2.0936084953259027  52.3356  31.601  0.1320365995472945
0.315  2.104803352974712  53.9985  33.3725  0.13513794291109946
0.32  2.1158803586855317  55.6989  35.205  0.13811914188620109
0.325  2.1268425658991466  57.4365  37.0987  0.1409775820853545
0.33  2.137692903412432  59.2111  39.0537  0.14371379079734087
0.335  2.148434182269112  61.0226  41.0703  0.1463252953682977
0.34  2.1590691021728756  62.8707  43.1484  0.1488109090841018
0.345  2.16960025746245  64.7551  45.2882  0.15117235956756095
0.35  2.1800301426844557  66.6755  47.4896  0.15340762106228192
0.355  2.1903611577964446  68.6317  49.7528  0.15551948542096297
0.36  2.2005956130295052  70.6232  52.0776  0.15750708125854881
0.365  2.210735733437115  72.6499  54.4641  0.1593732726449664
0.37  2.2207836631544757  74.7112  56.912  0.16111922383865848
0.375  2.2307414693904213  76.807  59.4215  0.1627458667029258
0.38  2.2406111461720033  78.9366  61.9922  0.16425634132656486
0.385  2.250394617860125  81.0999  64.6242  0.16565349251235767
0.39  2.2600937424530017  83.2964  67.3171  0.16693758346303367
0.395  2.2697103146927953  85.5256  70.071  0.16811335085610013
0.4  2.279246068989485  87.7872  72.8856  0.16918189254990906
0.405  2.288702682174871  90.0808  75.7606  0.170147064535835
0.41  2.298081776098542  92.406  78.696  0.17101164871239807
0.415  2.30738492007669  94.7622  81.6915  0.17177851773889136
0.42  2.3166136332037754  97.1491  84.7468  0.17245045745202445
0.425  2.325769386536266  99.5663  87.8617  0.1730310812087209
0.43  2.3348536051569337  102.013  91.0361  0.17352218545008163
0.435  2.343867670127565  104.49  94.2697  0.17392714924272765
0.44  2.352812920337313  106.995  97.5621  0.17425061886489723
0.445  2.361690654253396  109.529  100.913  0.17449317679170664
0.45  2.37050213158033  112.091  104.323  0.17465973236919016
0.455  2.379248574833438  114.68  107.79  0.17475246027875185
0.46  2.387931170831957  117.297  111.316  0.1747737123617158
0.465  2.396551072116672  119.941  114.899  0.174727240104839
0.47  2.405109398296661  122.611  118.54  0.17461584299874422
0.475  2.4136072373294173  125.307  122.238  0.17444101876947848
0.48  2.422045646738297  128.029  125.992  0.17420756867325873
0.485  2.430425654770989  130.775  129.803  0.1739165766765657
0.49  2.438748261502438  133.547  133.671  0.17357051857087455
0.495  2.4470144398854163  136.343  137.594  0.17317284987835704
0.5  2.4552251367517473  139.162  141.574  0.17272578129399868
0.505  2.4633812737669425  142.005  145.608  0.17223168392833021
0.51  2.4714837483408862  144.872  149.699  0.1716914999562783
0.515  2.4795334344969766  147.761  153.844  0.17110948240751708
0.52  2.4875311837020204  150.672  158.044  0.17048617098482316
0.525  2.4954778256589996  153.605  162.298  0.16982494879536406
0.53  2.503374169064717  156.56  166.607  0.16912787120579975
0.535  2.5112210023341883  159.536  170.97  0.168395173904035
0.54  2.519019094293535  162.533  175.386  0.16763085346871603
0.545  2.5267691948430273  165.551  179.856  0.16683528075116774
0.55  2.5344720355918304  168.589  184.38  0.16601069712329505
0.555  2.5421283304658937  171.646  188.956  0.16515893740689078
0.56  2.549738776290364  174.723  193.586  0.16428150344582068
0.565  2.5573040533478006  177.819  198.267  0.16338034116513636
0.57  2.5648248259134023  180.934  203.002  0.16245604946258044
0.575  2.5723017427683885  184.067  207.788  0.16151124171053022
0.58  2.5797354376926074  187.218  212.627  0.1605459154155818
0.585  2.58712652993738  190.387  217.517  0.15956303856557874
0.59  2.5944756246795375  193.574  222.458  0.15856292899827418
0.595  2.601783313457555  196.778  227.451  0.15754729216043675
0.6  2.6090501745906236  199.999  232.495  0.15651658822967654
0.605  2.6162767735814745  203.236  237.59  0.15547336368314485
0.61  2.6234636635037054  206.49  242.736  0.15441702782487537
0.615  2.630611385374333  209.759  247.932  0.1533496116172944
0.62  2.637720468512247  213.045  253.179  0.15227167047158408
0.625  2.6447914308832114  216.346  258.475  0.1511846117259061
0.63  2.6518247794320158  219.662  263.822  0.15008899463025516
0.635  2.6588210104023595  222.993  269.218  0.14898667800541468
0.64  2.6657806096450125  226.338  274.664  0.14787703108277483
0.645  2.672704052914766  229.698  280.159  0.14676162358838518
0.65  2.6795918061566715  233.072  285.704  0.1456411999833856
0.655  2.686444325782029  236.46  291.297  0.14451681480336054
0.66  2.6932620589345686  239.862  296.939  0.14338840198315903
0.665  2.700045443747243  243.277  302.631  0.14225734991718436
0.67  2.7067949095900365  246.705  308.37  0.1411240999067302
0.675  2.7135108773091576  250.146  314.159  0.13998830890091807
0.68  2.720193759457991  253.6  319.995  0.13885240572267468
0.685  2.7268439605201387  257.067  325.879  0.1377156073415842
0.69  2.733461877124884  260.545  331.812  0.13657863992670505
0.695  2.740047898255385  264.036  337.792  0.13544224263471516
0.7  2.746602405449897  267.538  343.82  0.13430710851167962
0.705  2.7531257729962992  271.053  349.896  0.13317306622384872
0.71  2.759618368120205  274.578  356.019  0.13204044704923054
0.715  2.7660805511668953  278.115  362.189  0.13091100938809633
0.72  2.772512675777337  281.663  368.406  0.12978350003803465
0.725  2.778915089058504  285.222  374.671  0.12865906566010576
0.73  2.785288131748233  288.791  380.982  0.1275385743963372
0.735  2.7916321383748186  292.371  387.34  0.1264211616617579
0.74  2.797947437411554  295.961  393.745  0.12530748426590155
0.745  2.804234351426412  299.561  400.196  0.12419883375163426
0.75  2.810493197227046  303.171  406.694  0.12309441915054463
0.755  2.816724286001288  306.791  413.238  0.12199489054507295
0.76  2.8229279234533196  310.421  419.828  0.12090017531952335
0.765  2.8291044099356637  314.06  426.464  0.11981088258667581
0.77  2.835254040577167  317.708  433.146  0.1187275425951537
0.775  2.8413771054071044  321.365  439.875  0.11764937717701716
0.78  2.8474738894755633  325.031  446.649  0.1165770824996761
0.785  2.8535446729702256  328.706  453.468  0.11551117235603063
0.79  2.8595897313296925  332.39  460.333  0.11445147394858574
0.795  2.8656093353534655  336.082  467.244  0.1133979604229859
0.8  2.871603751308708  339.783  474.2  0.1123511521778611
0.805  2.8775732410338972  343.492  481.202  0.11131093827112243
0.81  2.8835180620394794  347.208  488.249  0.11027794487897435
0.815  2.889438467605632  350.933  495.341  0.10925136601928269
0.82  2.895334706877231  354.666  502.478  0.10823175110214628
0.825  2.901207024956121  358.406  509.659  0.10721970560331992
0.83  2.907055662990784  362.154  516.886  0.10621435309392582
0.835  2.9128808582634873  365.909  524.158  0.10521687285533915
0.84  2.9186828442750063  369.672  531.474  0.10422602043845673
0.845  2.9244618508269937  373.441  538.836  0.10324339183064554
0.85  2.930218104102083  377.218  546.241  0.10226782070115716
0.855  2.9359518267417926  381.002  553.692  0.10129964166602037
0.86  2.941663237922313  384.792  561.186  0.10033954708329235
0.865  2.947352553428237  388.589  568.725  0.09938669562116617
0.87  2.953019985724309  392.393  576.309  0.09844154747717566
0.875  2.9586657440252497  396.203  583.937  0.09750410452882867
0.88  2.964290034363725  400.02  591.609  0.09657421302992983
0.885  2.9698930596565147  403.843  599.325  0.09565181873240211
0.89  2.9754750197689415  407.672  607.085  0.09473791543840183
0.895  2.9810361115776116  411.507  614.889  0.09383129888529568
0.9  2.986576529031525  415.348  622.737  0.09293241463552634
0.905  2.992096463211602  419.195  630.629  0.0920411602428129
0.91  2.9975961023886786  423.048  638.565  0.09115797363056717
0.915  3.0030756320800207  426.906  646.545  0.09028225688915344
0.92  3.008535235104393  430.77  654.568  0.08941444921604068
0.925  3.0139750916357397  434.64  662.636  0.08855435487348123
0.93  3.0193953792555117  438.515  670.746  0.08770152414782818
0.935  3.0247962730036817  442.395  678.901  0.08685678126751574
0.94  3.0301779454284903  446.281  687.099  0.08601954546401092
0.945  3.035540566634958  450.171  695.34  0.08519032327564263
0.95  3.040884304332204  454.067  703.625  0.08436836882436577
0.955  3.046209323879601  457.968  711.954  0.08355414922665758
0.96  3.0515157883318063  461.873  720.325  0.08274716977799158
0.965  3.0568038584827026  465.784  728.74  0.08194769548769844
0.97  3.0620736929082724  469.699  737.199  0.08115570943127748
0.975  3.0673254480084493  473.619  745.7  0.08037166746264979
0.98  3.072559278047963  477.543  754.245  0.07959441476725279
0.985  3.0777753351962205  481.472  762.833  0.07882488054279803
0.99  3.0829737695662365  485.405  771.464  0.07806250107288148
0.995  3.0881547292526546  489.343  780.139  0.07730711756915956
1.0  3.093318360368873  493.285  788.856  0.07655924990304033
