# Homogenous matter with Skyrme BSk31
# den [fm-3], E/A [MeV], Press [MeV.fm-3] 
0.0010000000 0.103616 -0.000103
0.0020000000 -0.037623 -0.000670
0.0030000000 -0.218828 -0.001730
0.0040000000 -0.417594 -0.003272
0.0050000000 -0.625508 -0.005278
0.0060000000 -0.838439 -0.007731
0.0070000000 -1.054055 -0.010614
0.0080000000 -1.270916 -0.013908
0.0090000000 -1.488082 -0.017597
0.0100000000 -1.704913 -0.021666
0.0110000000 -1.920958 -0.026098
0.0120000000 -2.135890 -0.030880
0.0130000000 -2.349473 -0.035996
0.0140000000 -2.561530 -0.041432
0.0150000000 -2.771928 -0.047176
0.0160000000 -2.980569 -0.053215
0.0170000000 -3.187377 -0.059536
0.0180000000 -3.392298 -0.066126
0.0190000000 -3.595291 -0.072975
0.0200000000 -3.796325 -0.080070
0.0210000000 -3.995379 -0.087399
0.0220000000 -4.192441 -0.094953
0.0230000000 -4.387501 -0.102720
0.0240000000 -4.580555 -0.110690
0.0250000000 -4.771604 -0.118853
0.0260000000 -4.960649 -0.127197
0.0270000000 -5.147697 -0.135714
0.0280000000 -5.332752 -0.144394
0.0290000000 -5.515824 -0.153227
0.0300000000 -5.696923 -0.162203
0.0310000000 -5.876057 -0.171314
0.0320000000 -6.053239 -0.180550
0.0330000000 -6.228480 -0.189902
0.0340000000 -6.401793 -0.199362
0.0350000000 -6.573189 -0.208921
0.0360000000 -6.742682 -0.218570
0.0370000000 -6.910285 -0.228301
0.0380000000 -7.076010 -0.238105
0.0390000000 -7.239870 -0.247975
0.0400000000 -7.401879 -0.257902
0.0410000000 -7.562050 -0.267878
0.0420000000 -7.720396 -0.277895
0.0430000000 -7.876930 -0.287945
0.0440000000 -8.031664 -0.298021
0.0450000000 -8.184611 -0.308114
0.0460000000 -8.335785 -0.318218
0.0470000000 -8.485197 -0.328325
0.0480000000 -8.632859 -0.338427
0.0490000000 -8.778784 -0.348517
0.0500000000 -8.922984 -0.358587
0.0510000000 -9.065471 -0.368631
0.0520000000 -9.206256 -0.378641
0.0530000000 -9.345350 -0.388611
0.0540000000 -9.482766 -0.398532
0.0550000000 -9.618513 -0.408399
0.0560000000 -9.752604 -0.418204
0.0570000000 -9.885049 -0.427941
0.0580000000 -10.015858 -0.437602
0.0590000000 -10.145042 -0.447181
0.0600000000 -10.272611 -0.456671
0.0610000000 -10.398575 -0.466066
0.0620000000 -10.522945 -0.475359
0.0630000000 -10.645730 -0.484543
0.0640000000 -10.766939 -0.493613
0.0650000000 -10.886582 -0.502560
0.0660000000 -11.004669 -0.511380
0.0670000000 -11.121208 -0.520066
0.0680000000 -11.236209 -0.528611
0.0690000000 -11.349681 -0.537009
0.0700000000 -11.461631 -0.545255
0.0710000000 -11.572069 -0.553341
0.0720000000 -11.681004 -0.561261
0.0730000000 -11.788442 -0.569010
0.0740000000 -11.894394 -0.576582
0.0750000000 -11.998866 -0.583970
0.0760000000 -12.101867 -0.591168
0.0770000000 -12.203404 -0.598171
0.0780000000 -12.303486 -0.604972
0.0790000000 -12.402119 -0.611566
0.0800000000 -12.499311 -0.617946
0.0810000000 -12.595069 -0.624107
0.0820000000 -12.689401 -0.630043
0.0830000000 -12.782314 -0.635749
0.0840000000 -12.873815 -0.641218
0.0850000000 -12.963911 -0.646445
0.0860000000 -13.052607 -0.651423
0.0870000000 -13.139912 -0.656149
0.0880000000 -13.225832 -0.660615
0.0890000000 -13.310373 -0.664816
0.0900000000 -13.393541 -0.668747
0.0910000000 -13.475344 -0.672402
0.0920000000 -13.555787 -0.675775
0.0930000000 -13.634876 -0.678861
0.0940000000 -13.712617 -0.681655
0.0950000000 -13.789017 -0.684151
0.0960000000 -13.864080 -0.686344
0.0970000000 -13.937814 -0.688228
0.0980000000 -14.010224 -0.689797
0.0990000000 -14.081315 -0.691048
0.1000000000 -14.151092 -0.691973
0.1010000000 -14.219563 -0.692568
0.1020000000 -14.286731 -0.692828
0.1030000000 -14.352602 -0.692746
0.1040000000 -14.417181 -0.692319
0.1050000000 -14.480475 -0.691541
0.1060000000 -14.542487 -0.690406
0.1070000000 -14.603222 -0.688909
0.1080000000 -14.662687 -0.687046
0.1090000000 -14.720886 -0.684810
0.1100000000 -14.777823 -0.682198
0.1110000000 -14.833503 -0.679203
0.1120000000 -14.887932 -0.675820
0.1130000000 -14.941114 -0.672046
0.1140000000 -14.993053 -0.667873
0.1150000000 -15.043755 -0.663299
0.1160000000 -15.093223 -0.658316
0.1170000000 -15.141462 -0.652921
0.1180000000 -15.188477 -0.647108
0.1190000000 -15.234272 -0.640873
0.1200000000 -15.278851 -0.634210
0.1210000000 -15.322218 -0.627115
0.1220000000 -15.364379 -0.619582
0.1230000000 -15.405336 -0.611607
0.1240000000 -15.445094 -0.603184
0.1250000000 -15.483657 -0.594309
0.1260000000 -15.521029 -0.584977
0.1270000000 -15.557214 -0.575184
0.1280000000 -15.592216 -0.564923
0.1290000000 -15.626039 -0.554191
0.1300000000 -15.658687 -0.542983
0.1310000000 -15.690163 -0.531293
0.1320000000 -15.720471 -0.519118
0.1330000000 -15.749615 -0.506451
0.1340000000 -15.777599 -0.493289
0.1350000000 -15.804426 -0.479627
0.1360000000 -15.830100 -0.465460
0.1370000000 -15.854624 -0.450783
0.1380000000 -15.878002 -0.435592
0.1390000000 -15.900238 -0.419881
0.1400000000 -15.921334 -0.403647
0.1410000000 -15.941295 -0.386884
0.1420000000 -15.960123 -0.369588
0.1430000000 -15.977822 -0.351754
0.1440000000 -15.994395 -0.333378
0.1450000000 -16.009846 -0.314455
0.1460000000 -16.024178 -0.294980
0.1470000000 -16.037393 -0.274948
0.1480000000 -16.049496 -0.254356
0.1490000000 -16.060489 -0.233199
0.1500000000 -16.070375 -0.211471
0.1510000000 -16.079157 -0.189169
0.1520000000 -16.086839 -0.166287
0.1530000000 -16.093424 -0.142822
0.1540000000 -16.098914 -0.118769
0.1550000000 -16.103312 -0.094123
0.1560000000 -16.106622 -0.068880
0.1570000000 -16.108846 -0.043035
0.1580000000 -16.109987 -0.016584
0.1590000000 -16.110048 0.010478
0.1600000000 -16.109032 0.038154
0.1610000000 -16.106942 0.066451
0.1620000000 -16.103779 0.095371
0.1630000000 -16.099548 0.124920
0.1640000000 -16.094251 0.155102
0.1650000000 -16.087890 0.185921
0.1660000000 -16.080468 0.217382
0.1670000000 -16.071988 0.249489
0.1680000000 -16.062452 0.282246
0.1690000000 -16.051863 0.315659
0.1700000000 -16.040224 0.349730
0.1710000000 -16.027537 0.384465
0.1720000000 -16.013804 0.419869
0.1730000000 -15.999029 0.455944
0.1740000000 -15.983213 0.492696
0.1750000000 -15.966360 0.530129
0.1760000000 -15.948470 0.568248
0.1770000000 -15.929548 0.607056
0.1780000000 -15.909595 0.646558
0.1790000000 -15.888613 0.686758
0.1800000000 -15.866606 0.727661
0.1810000000 -15.843575 0.769270
0.1820000000 -15.819522 0.811591
0.1830000000 -15.794451 0.854627
0.1840000000 -15.768362 0.898382
0.1850000000 -15.741260 0.942862
0.1860000000 -15.713144 0.988069
0.1870000000 -15.684019 1.034009
0.1880000000 -15.653886 1.080685
0.1890000000 -15.622747 1.128102
0.1900000000 -15.590605 1.176264
0.1910000000 -15.557461 1.225175
0.1920000000 -15.523318 1.274839
0.1930000000 -15.488178 1.325261
0.1940000000 -15.452043 1.376445
0.1950000000 -15.414915 1.428395
0.1960000000 -15.376796 1.481114
0.1970000000 -15.337688 1.534608
0.1980000000 -15.297593 1.588880
0.1990000000 -15.256513 1.643935
0.2000000000 -15.214450 1.699777
0.2010000000 -15.171407 1.756409
0.2020000000 -15.127385 1.813836
0.2030000000 -15.082385 1.872063
0.2040000000 -15.036411 1.931092
0.2050000000 -14.989464 1.990929
0.2060000000 -14.941545 2.051577
0.2070000000 -14.892657 2.113041
0.2080000000 -14.842802 2.175324
0.2090000000 -14.791981 2.238431
0.2100000000 -14.740197 2.302366
0.2110000000 -14.687450 2.367132
0.2120000000 -14.633744 2.432735
0.2130000000 -14.579079 2.499177
0.2140000000 -14.523458 2.566463
0.2150000000 -14.466882 2.634597
0.2160000000 -14.409353 2.703584
0.2170000000 -14.350873 2.773426
0.2180000000 -14.291444 2.844129
0.2190000000 -14.231067 2.915696
0.2200000000 -14.169744 2.988131
0.2210000000 -14.107477 3.061438
0.2220000000 -14.044268 3.135621
0.2230000000 -13.980117 3.210685
0.2240000000 -13.915027 3.286633
0.2250000000 -13.849000 3.363469
0.2260000000 -13.782037 3.441197
0.2270000000 -13.714139 3.519821
0.2280000000 -13.645309 3.599345
0.2290000000 -13.575548 3.679774
0.2300000000 -13.504858 3.761111
0.2310000000 -13.433239 3.843359
0.2320000000 -13.360695 3.926524
0.2330000000 -13.287225 4.010608
0.2340000000 -13.212833 4.095617
0.2350000000 -13.137519 4.181553
0.2360000000 -13.061285 4.268421
0.2370000000 -12.984132 4.356224
0.2380000000 -12.906063 4.444968
0.2390000000 -12.827078 4.534654
0.2400000000 -12.747179 4.625289
0.2410000000 -12.666367 4.716874
0.2420000000 -12.584644 4.809415
0.2430000000 -12.502012 4.902915
0.2440000000 -12.418472 4.997377
0.2450000000 -12.334025 5.092807
0.2460000000 -12.248673 5.189208
0.2470000000 -12.162417 5.286583
0.2480000000 -12.075258 5.384937
0.2490000000 -11.987199 5.484273
0.2500000000 -11.898240 5.584596
0.2510000000 -11.808383 5.685909
0.2520000000 -11.717629 5.788215
0.2530000000 -11.625980 5.891520
0.2540000000 -11.533437 5.995826
0.2550000000 -11.440001 6.101138
0.2560000000 -11.345673 6.207460
0.2570000000 -11.250456 6.314794
0.2580000000 -11.154350 6.423146
0.2590000000 -11.057357 6.532518
0.2600000000 -10.959477 6.642916
0.2610000000 -10.860713 6.754341
0.2620000000 -10.761066 6.866800
0.2630000000 -10.660536 6.980294
0.2640000000 -10.559126 7.094828
0.2650000000 -10.456836 7.210406
0.2660000000 -10.353667 7.327032
0.2670000000 -10.249622 7.444709
0.2680000000 -10.144701 7.563441
0.2690000000 -10.038905 7.683232
0.2700000000 -9.932236 7.804086
0.2710000000 -9.824695 7.926006
0.2720000000 -9.716283 8.048997
0.2730000000 -9.607002 8.173061
0.2740000000 -9.496852 8.298203
0.2750000000 -9.385835 8.424427
0.2760000000 -9.273951 8.551737
0.2770000000 -9.161203 8.680135
0.2780000000 -9.047592 8.809626
0.2790000000 -8.933118 8.940214
0.2800000000 -8.817782 9.071902
0.2810000000 -8.701587 9.204694
0.2820000000 -8.584532 9.338594
0.2830000000 -8.466620 9.473606
0.2840000000 -8.347851 9.609732
0.2850000000 -8.228226 9.746978
0.2860000000 -8.107747 9.885346
0.2870000000 -7.986414 10.024841
0.2880000000 -7.864230 10.165466
0.2890000000 -7.741194 10.307225
0.2900000000 -7.617308 10.450121
0.2910000000 -7.492574 10.594159
0.2920000000 -7.366991 10.739342
0.2930000000 -7.240562 10.885673
0.2940000000 -7.113288 11.033156
0.2950000000 -6.985168 11.181796
0.2960000000 -6.856206 11.331595
0.2970000000 -6.726400 11.482558
0.2980000000 -6.595754 11.634688
0.2990000000 -6.464267 11.787988
0.3000000000 -6.331941 11.942463
0.3010000000 -6.198776 12.098116
0.3020000000 -6.064775 12.254951
0.3030000000 -5.929937 12.412972
0.3040000000 -5.794264 12.572181
0.3050000000 -5.657757 12.732583
0.3060000000 -5.520416 12.894182
0.3070000000 -5.382244 13.056980
0.3080000000 -5.243240 13.220983
0.3090000000 -5.103407 13.386192
0.3100000000 -4.962744 13.552613
0.3110000000 -4.821253 13.720248
0.3120000000 -4.678935 13.889101
0.3130000000 -4.535791 14.059177
0.3140000000 -4.391821 14.230478
0.3150000000 -4.247027 14.403008
0.3160000000 -4.101410 14.576770
0.3170000000 -3.954971 14.751770
0.3180000000 -3.807710 14.928009
0.3190000000 -3.659628 15.105492
0.3200000000 -3.510727 15.284221
0.3210000000 -3.361008 15.464202
0.3220000000 -3.210471 15.645438
0.3230000000 -3.059117 15.827931
0.3240000000 -2.906947 16.011686
0.3250000000 -2.753963 16.196706
0.3260000000 -2.600164 16.382995
0.3270000000 -2.445553 16.570556
0.3280000000 -2.290129 16.759394
0.3290000000 -2.133894 16.949511
0.3300000000 -1.976848 17.140911
0.3310000000 -1.818994 17.333598
0.3320000000 -1.660330 17.527575
0.3330000000 -1.500859 17.722846
0.3340000000 -1.340581 17.919414
0.3350000000 -1.179497 18.117284
0.3360000000 -1.017608 18.316458
0.3370000000 -0.854914 18.516940
0.3380000000 -0.691417 18.718734
0.3390000000 -0.527118 18.921844
0.3400000000 -0.362017 19.126272
0.3410000000 -0.196115 19.332022
0.3420000000 -0.029414 19.539099
0.3430000000 0.138087 19.747505
0.3440000000 0.306387 19.957244
0.3450000000 0.475483 20.168319
0.3460000000 0.645377 20.380735
0.3470000000 0.816066 20.594494
0.3480000000 0.987550 20.809600
0.3490000000 1.159829 21.026057
0.3500000000 1.332900 21.243869
0.3510000000 1.506765 21.463038
0.3520000000 1.681421 21.683568
0.3530000000 1.856868 21.905463
0.3540000000 2.033105 22.128727
0.3550000000 2.210132 22.353362
0.3560000000 2.387947 22.579372
0.3570000000 2.566550 22.806762
0.3580000000 2.745940 23.035534
0.3590000000 2.926117 23.265691
0.3600000000 3.107078 23.497239
0.3610000000 3.288825 23.730178
0.3620000000 3.471355 23.964515
0.3630000000 3.654669 24.200251
0.3640000000 3.838765 24.437390
0.3650000000 4.023642 24.675937
0.3660000000 4.209301 24.915894
0.3670000000 4.395740 25.157264
0.3680000000 4.582958 25.400052
0.3690000000 4.770954 25.644261
0.3700000000 4.959729 25.889894
0.3710000000 5.149281 26.136954
0.3720000000 5.339609 26.385446
0.3730000000 5.530713 26.635373
0.3740000000 5.722592 26.886738
0.3750000000 5.915245 27.139544
0.3760000000 6.108672 27.393795
0.3770000000 6.302871 27.649496
0.3780000000 6.497843 27.906648
0.3790000000 6.693586 28.165255
0.3800000000 6.890100 28.425322
0.3810000000 7.087383 28.686851
0.3820000000 7.285436 28.949846
0.3830000000 7.484258 29.214310
0.3840000000 7.683847 29.480247
0.3850000000 7.884204 29.747660
0.3860000000 8.085327 30.016553
0.3870000000 8.287216 30.286928
0.3880000000 8.489870 30.558791
0.3890000000 8.693288 30.832143
0.3900000000 8.897470 31.106989
0.3910000000 9.102416 31.383331
0.3920000000 9.308123 31.661174
0.3930000000 9.514593 31.940521
0.3940000000 9.721823 32.221374
0.3950000000 9.929814 32.503739
0.3960000000 10.138565 32.787617
0.3970000000 10.348074 33.073012
0.3980000000 10.558343 33.359929
0.3990000000 10.769368 33.648369
0.4000000000 10.981151 33.938338
0.4010000000 11.193691 34.229837
0.4020000000 11.406986 34.522871
0.4030000000 11.621037 34.817443
0.4040000000 11.835842 35.113556
0.4050000000 12.051401 35.411213
0.4060000000 12.267713 35.710419
0.4070000000 12.484778 36.011176
0.4080000000 12.702595 36.313489
0.4090000000 12.921163 36.617359
0.4100000000 13.140482 36.922791
0.4110000000 13.360551 37.229789
0.4120000000 13.581370 37.538354
0.4130000000 13.802937 37.848492
0.4140000000 14.025253 38.160205
0.4150000000 14.248316 38.473496
0.4160000000 14.472127 38.788370
0.4170000000 14.696684 39.104829
0.4180000000 14.921986 39.422877
0.4190000000 15.148034 39.742517
0.4200000000 15.374827 40.063752
0.4210000000 15.602364 40.386587
0.4220000000 15.830644 40.711023
0.4230000000 16.059667 41.037066
0.4240000000 16.289432 41.364717
0.4250000000 16.519939 41.693981
0.4260000000 16.751187 42.024860
0.4270000000 16.983175 42.357359
0.4280000000 17.215904 42.691480
0.4290000000 17.449372 43.027227
0.4300000000 17.683578 43.364604
0.4310000000 17.918523 43.703612
0.4320000000 18.154205 44.044257
0.4330000000 18.390624 44.386541
0.4340000000 18.627780 44.730468
0.4350000000 18.865672 45.076040
0.4360000000 19.104299 45.423262
0.4370000000 19.343661 45.772137
0.4380000000 19.583757 46.122668
0.4390000000 19.824586 46.474858
0.4400000000 20.066149 46.828711
0.4410000000 20.308444 47.184229
0.4420000000 20.551472 47.541418
0.4430000000 20.795230 47.900278
0.4440000000 21.039720 48.260815
0.4450000000 21.284940 48.623032
0.4460000000 21.530890 48.986931
0.4470000000 21.777569 49.352516
0.4480000000 22.024977 49.719790
0.4490000000 22.273113 50.088757
0.4500000000 22.521976 50.459421
0.4510000000 22.771567 50.831783
0.4520000000 23.021884 51.205848
0.4530000000 23.272928 51.581620
0.4540000000 23.524696 51.959100
0.4550000000 23.777190 52.338293
0.4560000000 24.030409 52.719202
0.4570000000 24.284351 53.101831
0.4580000000 24.539017 53.486182
0.4590000000 24.794406 53.872258
0.4600000000 25.050517 54.260064
0.4610000000 25.307350 54.649603
0.4620000000 25.564904 55.040877
0.4630000000 25.823179 55.433890
0.4640000000 26.082175 55.828646
0.4650000000 26.341890 56.225147
0.4660000000 26.602325 56.623398
0.4670000000 26.863479 57.023401
0.4680000000 27.125351 57.425159
0.4690000000 27.387941 57.828676
0.4700000000 27.651248 58.233956
0.4710000000 27.915272 58.641000
0.4720000000 28.180012 59.049814
0.4730000000 28.445468 59.460400
0.4740000000 28.711640 59.872761
0.4750000000 28.978526 60.286900
0.4760000000 29.246127 60.702822
0.4770000000 29.514442 61.120529
0.4780000000 29.783470 61.540024
0.4790000000 30.053211 61.961311
0.4800000000 30.323664 62.384393
0.4810000000 30.594830 62.809273
0.4820000000 30.866707 63.235955
0.4830000000 31.139295 63.664442
0.4840000000 31.412594 64.094737
0.4850000000 31.686602 64.526843
0.4860000000 31.961320 64.960764
0.4870000000 32.236748 65.396503
0.4880000000 32.512884 65.834063
0.4890000000 32.789728 66.273447
0.4900000000 33.067280 66.714660
0.4910000000 33.345539 67.157703
0.4920000000 33.624505 67.602580
0.4930000000 33.904178 68.049295
0.4940000000 34.184556 68.497851
0.4950000000 34.465639 68.948251
0.4960000000 34.747428 69.400498
0.4970000000 35.029921 69.854596
0.4980000000 35.313119 70.310547
0.4990000000 35.597019 70.768355
0.5000000000 35.881624 71.228024
0.5010000000 36.166930 71.689556
0.5020000000 36.452939 72.152955
0.5030000000 36.739650 72.618224
0.5040000000 37.027063 73.085367
0.5050000000 37.315176 73.554386
0.5060000000 37.603989 74.025284
0.5070000000 37.893503 74.498066
0.5080000000 38.183717 74.972734
0.5090000000 38.474629 75.449291
0.5100000000 38.766241 75.927741
0.5110000000 39.058550 76.408087
0.5120000000 39.351558 76.890332
0.5130000000 39.645263 77.374480
0.5140000000 39.939665 77.860533
0.5150000000 40.234764 78.348495
0.5160000000 40.530559 78.838369
0.5170000000 40.827049 79.330159
0.5180000000 41.124235 79.823867
0.5190000000 41.422116 80.319497
0.5200000000 41.720691 80.817052
0.5210000000 42.019961 81.316535
0.5220000000 42.319924 81.817949
0.5230000000 42.620580 82.321299
0.5240000000 42.921929 82.826586
0.5250000000 43.223971 83.333814
0.5260000000 43.526704 83.842986
0.5270000000 43.830130 84.354106
0.5280000000 44.134246 84.867177
0.5290000000 44.439053 85.382202
0.5300000000 44.744550 85.899184
0.5310000000 45.050738 86.418126
0.5320000000 45.357614 86.939032
0.5330000000 45.665180 87.461904
0.5340000000 45.973435 87.986747
0.5350000000 46.282378 88.513563
0.5360000000 46.592009 89.042355
0.5370000000 46.902328 89.573127
0.5380000000 47.213334 90.105881
0.5390000000 47.525026 90.640622
0.5400000000 47.837405 91.177352
0.5410000000 48.150470 91.716074
0.5420000000 48.464220 92.256792
0.5430000000 48.778655 92.799508
0.5440000000 49.093776 93.344227
0.5450000000 49.409580 93.890951
0.5460000000 49.726069 94.439683
0.5470000000 50.043241 94.990427
0.5480000000 50.361097 95.543185
0.5490000000 50.679635 96.097962
0.5500000000 50.998856 96.654759
0.5510000000 51.318759 97.213581
0.5520000000 51.639343 97.774430
0.5530000000 51.960609 98.337310
0.5540000000 52.282556 98.902224
0.5550000000 52.605183 99.469175
0.5560000000 52.928491 100.038166
0.5570000000 53.252478 100.609201
0.5580000000 53.577145 101.182282
0.5590000000 53.902491 101.757413
0.5600000000 54.228516 102.334596
0.5610000000 54.555219 102.913836
0.5620000000 54.882600 103.495135
0.5630000000 55.210658 104.078497
0.5640000000 55.539394 104.663924
0.5650000000 55.868806 105.251420
0.5660000000 56.198895 105.840988
0.5670000000 56.529661 106.432631
0.5680000000 56.861101 107.026353
0.5690000000 57.193218 107.622155
0.5700000000 57.526009 108.220043
0.5710000000 57.859475 108.820018
0.5720000000 58.193616 109.422084
0.5730000000 58.528430 110.026244
0.5740000000 58.863918 110.632502
0.5750000000 59.200079 111.240860
0.5760000000 59.536913 111.851321
0.5770000000 59.874420 112.463890
0.5780000000 60.212599 113.078568
0.5790000000 60.551449 113.695359
0.5800000000 60.890972 114.314266
0.5810000000 61.231165 114.935293
0.5820000000 61.572029 115.558442
0.5830000000 61.913563 116.183717
0.5840000000 62.255768 116.811121
0.5850000000 62.598642 117.440657
0.5860000000 62.942186 118.072327
0.5870000000 63.286399 118.706137
0.5880000000 63.631281 119.342087
0.5890000000 63.976831 119.980182
0.5900000000 64.323049 120.620424
0.5910000000 64.669934 121.262818
0.5920000000 65.017487 121.907365
0.5930000000 65.365707 122.554070
0.5940000000 65.714594 123.202935
0.5950000000 66.064147 123.853963
0.5960000000 66.414367 124.507157
0.5970000000 66.765251 125.162522
0.5980000000 67.116802 125.820059
0.5990000000 67.469017 126.479772
0.6000000000 67.821897 127.141664
0.6010000000 68.175441 127.805738
0.6020000000 68.529649 128.471997
0.6030000000 68.884521 129.140445
0.6040000000 69.240057 129.811085
0.6050000000 69.596255 130.483919
0.6060000000 69.953116 131.158951
0.6070000000 70.310640 131.836184
0.6080000000 70.668825 132.515621
0.6090000000 71.027672 133.197266
0.6100000000 71.387181 133.881120
0.6110000000 71.747351 134.567188
0.6120000000 72.108182 135.255473
0.6130000000 72.469673 135.945977
0.6140000000 72.831824 136.638704
0.6150000000 73.194635 137.333657
0.6160000000 73.558106 138.030840
0.6170000000 73.922236 138.730254
0.6180000000 74.287024 139.431903
0.6190000000 74.652472 140.135791
0.6200000000 75.018577 140.841921
0.6210000000 75.385341 141.550295
0.6220000000 75.752762 142.260916
0.6230000000 76.120840 142.973789
0.6240000000 76.489576 143.688916
0.6250000000 76.858968 144.406299
0.6260000000 77.229017 145.125943
0.6270000000 77.599721 145.847850
0.6280000000 77.971082 146.572023
0.6290000000 78.343097 147.298466
0.6300000000 78.715769 148.027182
0.6310000000 79.089095 148.758173
0.6320000000 79.463075 149.491443
0.6330000000 79.837710 150.226995
0.6340000000 80.212999 150.964831
0.6350000000 80.588941 151.704956
0.6360000000 80.965537 152.447372
0.6370000000 81.342785 153.192083
0.6380000000 81.720687 153.939091
0.6390000000 82.099241 154.688399
0.6400000000 82.478447 155.440011
0.6410000000 82.858305 156.193929
0.6420000000 83.238815 156.950157
0.6430000000 83.619976 157.708699
0.6440000000 84.001788 158.469556
0.6450000000 84.384250 159.232732
0.6460000000 84.767363 159.998230
0.6470000000 85.151126 160.766053
0.6480000000 85.535539 161.536205
0.6490000000 85.920602 162.308688
0.6500000000 86.306314 163.083506
0.6510000000 86.692674 163.860661
0.6520000000 87.079684 164.640157
0.6530000000 87.467341 165.421996
0.6540000000 87.855647 166.206183
0.6550000000 88.244601 166.992719
0.6560000000 88.634202 167.781608
0.6570000000 89.024450 168.572853
0.6580000000 89.415345 169.366458
0.6590000000 89.806887 170.162425
0.6600000000 90.199076 170.960756
0.6610000000 90.591910 171.761457
0.6620000000 90.985390 172.564528
0.6630000000 91.379516 173.369975
0.6640000000 91.774287 174.177798
0.6650000000 92.169703 174.988003
0.6660000000 92.565764 175.800591
0.6670000000 92.962469 176.615566
0.6680000000 93.359819 177.432931
0.6690000000 93.757812 178.252689
0.6700000000 94.156449 179.074843
0.6710000000 94.555729 179.899396
0.6720000000 94.955652 180.726351
0.6730000000 95.356219 181.555711
0.6740000000 95.757427 182.387480
0.6750000000 96.159278 183.221660
0.6760000000 96.561771 184.058254
0.6770000000 96.964905 184.897266
0.6780000000 97.368681 185.738699
0.6790000000 97.773098 186.582555
0.6800000000 98.178156 187.428837
0.6810000000 98.583855 188.277550
0.6820000000 98.990194 189.128695
0.6830000000 99.397173 189.982276
0.6840000000 99.804792 190.838296
0.6850000000 100.213050 191.696758
0.6860000000 100.621948 192.557665
0.6870000000 101.031485 193.421020
0.6880000000 101.441660 194.286826
0.6890000000 101.852475 195.155086
0.6900000000 102.263927 196.025804
0.6910000000 102.676017 196.898982
0.6920000000 103.088745 197.774623
0.6930000000 103.502111 198.652731
0.6940000000 103.916114 199.533307
0.6950000000 104.330753 200.416357
0.6960000000 104.746030 201.301882
0.6970000000 105.161943 202.189886
0.6980000000 105.578492 203.080371
0.6990000000 105.995677 203.973341
0.7000000000 106.413497 204.868798
0.7010000000 106.831953 205.766747
0.7020000000 107.251044 206.667189
0.7030000000 107.670771 207.570128
0.7040000000 108.091131 208.475567
0.7050000000 108.512127 209.383509
0.7060000000 108.933756 210.293956
0.7070000000 109.356019 211.206913
0.7080000000 109.778916 212.122382
0.7090000000 110.202446 213.040366
0.7100000000 110.626610 213.960868
0.7110000000 111.051406 214.883892
0.7120000000 111.476835 215.809439
0.7130000000 111.902896 216.737514
0.7140000000 112.329590 217.668119
0.7150000000 112.756915 218.601257
0.7160000000 113.184873 219.536932
0.7170000000 113.613461 220.475146
0.7180000000 114.042681 221.415902
0.7190000000 114.472532 222.359204
0.7200000000 114.903013 223.305054
0.7210000000 115.334125 224.253456
0.7220000000 115.765867 225.204413
0.7230000000 116.198239 226.157926
0.7240000000 116.631240 227.114001
0.7250000000 117.064872 228.072639
0.7260000000 117.499132 229.033844
0.7270000000 117.934022 229.997618
0.7280000000 118.369540 230.963965
0.7290000000 118.805686 231.932888
0.7300000000 119.242462 232.904389
0.7310000000 119.679865 233.878473
0.7320000000 120.117895 234.855141
0.7330000000 120.556554 235.834397
0.7340000000 120.995840 236.816243
0.7350000000 121.435753 237.800684
0.7360000000 121.876292 238.787721
0.7370000000 122.317459 239.777358
0.7380000000 122.759252 240.769598
0.7390000000 123.201671 241.764444
0.7400000000 123.644716 242.761899
0.7410000000 124.088386 243.761966
0.7420000000 124.532682 244.764648
0.7430000000 124.977604 245.769947
0.7440000000 125.423150 246.777868
0.7450000000 125.869321 247.788413
0.7460000000 126.316117 248.801584
0.7470000000 126.763537 249.817386
0.7480000000 127.211581 250.835821
0.7490000000 127.660249 251.856892
0.7500000000 128.109541 252.880602
0.7510000000 128.559456 253.906953
0.7520000000 129.009994 254.935950
0.7530000000 129.461156 255.967595
0.7540000000 129.912940 257.001891
0.7550000000 130.365346 258.038842
0.7560000000 130.818375 259.078449
0.7570000000 131.272026 260.120716
0.7580000000 131.726299 261.165646
0.7590000000 132.181193 262.213243
0.7600000000 132.636709 263.263509
0.7610000000 133.092846 264.316446
0.7620000000 133.549603 265.372059
0.7630000000 134.006982 266.430350
0.7640000000 134.464981 267.491322
0.7650000000 134.923601 268.554978
0.7660000000 135.382840 269.621321
0.7670000000 135.842699 270.690354
0.7680000000 136.303178 271.762081
0.7690000000 136.764277 272.836503
0.7700000000 137.225994 273.913625
0.7710000000 137.688331 274.993448
0.7720000000 138.151286 276.075977
0.7730000000 138.614860 277.161214
0.7740000000 139.079053 278.249161
0.7750000000 139.543863 279.339823
0.7760000000 140.009291 280.433202
0.7770000000 140.475338 281.529301
0.7780000000 140.942001 282.628123
0.7790000000 141.409282 283.729671
0.7800000000 141.877180 284.833948
0.7810000000 142.345694 285.940957
0.7820000000 142.814826 287.050701
0.7830000000 143.284573 288.163183
0.7840000000 143.754937 289.278406
0.7850000000 144.225917 290.396372
0.7860000000 144.697513 291.517086
0.7870000000 145.169724 292.640550
0.7880000000 145.642551 293.766766
0.7890000000 146.115993 294.895739
0.7900000000 146.590050 296.027470
0.7910000000 147.064721 297.161963
0.7920000000 147.540008 298.299221
0.7930000000 148.015908 299.439247
0.7940000000 148.492423 300.582043
0.7950000000 148.969551 301.727613
0.7960000000 149.447293 302.875961
0.7970000000 149.925649 304.027087
0.7980000000 150.404618 305.180997
0.7990000000 150.884200 306.337692
0.8000000000 151.364395 307.497176
0.8010000000 151.845203 308.659451
0.8020000000 152.326623 309.824521
0.8030000000 152.808656 310.992389
0.8040000000 153.291300 312.163057
0.8050000000 153.774557 313.336529
0.8060000000 154.258425 314.512807
0.8070000000 154.742905 315.691895
0.8080000000 155.227996 316.873795
0.8090000000 155.713698 318.058510
0.8100000000 156.200011 319.246044
0.8110000000 156.686935 320.436400
0.8120000000 157.174469 321.629579
0.8130000000 157.662613 322.825586
0.8140000000 158.151368 324.024423
0.8150000000 158.640732 325.226094
0.8160000000 159.130706 326.430600
0.8170000000 159.621290 327.637946
0.8180000000 160.112483 328.848134
0.8190000000 160.604285 330.061167
0.8200000000 161.096696 331.277048
0.8210000000 161.589715 332.495781
0.8220000000 162.083343 333.717367
0.8230000000 162.577580 334.941810
0.8240000000 163.072425 336.169113
0.8250000000 163.567877 337.399279
0.8260000000 164.063938 338.632310
0.8270000000 164.560605 339.868211
0.8280000000 165.057881 341.106983
0.8290000000 165.555763 342.348630
0.8300000000 166.054253 343.593155
0.8310000000 166.553349 344.840560
0.8320000000 167.053052 346.090849
0.8330000000 167.553361 347.344025
0.8340000000 168.054276 348.600090
0.8350000000 168.555798 349.859047
0.8360000000 169.057925 351.120900
0.8370000000 169.560658 352.385651
0.8380000000 170.063997 353.653304
0.8390000000 170.567940 354.923861
0.8400000000 171.072489 356.197325
0.8410000000 171.577643 357.473699
0.8420000000 172.083401 358.752987
0.8430000000 172.589764 360.035190
0.8440000000 173.096732 361.320313
0.8450000000 173.604303 362.608358
0.8460000000 174.112479 363.899327
0.8470000000 174.621258 365.193225
0.8480000000 175.130641 366.490053
0.8490000000 175.640627 367.789815
0.8500000000 176.151216 369.092514
0.8510000000 176.662409 370.398152
0.8520000000 177.174204 371.706733
0.8530000000 177.686602 373.018260
0.8540000000 178.199603 374.332735
0.8550000000 178.713206 375.650162
0.8560000000 179.227411 376.970543
0.8570000000 179.742218 378.293882
0.8580000000 180.257627 379.620181
0.8590000000 180.773637 380.949443
0.8600000000 181.290249 382.281671
0.8610000000 181.807462 383.616868
0.8620000000 182.325276 384.955038
0.8630000000 182.843691 386.296182
0.8640000000 183.362707 387.640305
0.8650000000 183.882323 388.987408
0.8660000000 184.402540 390.337495
0.8670000000 184.923356 391.690569
0.8680000000 185.444773 393.046633
0.8690000000 185.966790 394.405689
0.8700000000 186.489406 395.767741
0.8710000000 187.012621 397.132791
0.8720000000 187.536436 398.500843
0.8730000000 188.060850 399.871899
0.8740000000 188.585863 401.245963
0.8750000000 189.111475 402.623036
0.8760000000 189.637685 404.003123
0.8770000000 190.164494 405.386226
0.8780000000 190.691901 406.772348
0.8790000000 191.219906 408.161493
0.8800000000 191.748508 409.553662
0.8810000000 192.277709 410.948859
0.8820000000 192.807507 412.347086
0.8830000000 193.337903 413.748348
0.8840000000 193.868895 415.152646
0.8850000000 194.400485 416.559983
0.8860000000 194.932671 417.970363
0.8870000000 195.465455 419.383789
0.8880000000 195.998834 420.800263
0.8890000000 196.532810 422.219788
0.8900000000 197.067383 423.642368
0.8910000000 197.602551 425.068004
0.8920000000 198.138315 426.496701
0.8930000000 198.674675 427.928460
0.8940000000 199.211630 429.363286
0.8950000000 199.749180 430.801180
0.8960000000 200.287326 432.242146
0.8970000000 200.826067 433.686187
0.8980000000 201.365402 435.133305
0.8990000000 201.905332 436.583504
0.9000000000 202.445857 438.036786
0.9010000000 202.986976 439.493155
0.9020000000 203.528689 440.952613
0.9030000000 204.070996 442.415163
0.9040000000 204.613897 443.880809
0.9050000000 205.157392 445.349552
0.9060000000 205.701480 446.821396
0.9070000000 206.246161 448.296345
0.9080000000 206.791436 449.774400
0.9090000000 207.337303 451.255564
0.9100000000 207.883764 452.739842
0.9110000000 208.430817 454.227235
0.9120000000 208.978462 455.717746
0.9130000000 209.526700 457.211379
0.9140000000 210.075530 458.708136
0.9150000000 210.624953 460.208020
0.9160000000 211.174967 461.711034
0.9170000000 211.725572 463.217182
0.9180000000 212.276769 464.726465
0.9190000000 212.828558 466.238887
0.9200000000 213.380938 467.754451
0.9210000000 213.933909 469.273160
0.9220000000 214.487470 470.795016
0.9230000000 215.041623 472.320023
0.9240000000 215.596366 473.848183
0.9250000000 216.151699 475.379500
0.9260000000 216.707623 476.913976
0.9270000000 217.264137 478.451613
0.9280000000 217.821241 479.992416
0.9290000000 218.378934 481.536387
0.9300000000 218.937217 483.083529
0.9310000000 219.496090 484.633844
0.9320000000 220.055552 486.187337
0.9330000000 220.615603 487.744008
0.9340000000 221.176243 489.303863
0.9350000000 221.737472 490.866902
0.9360000000 222.299290 492.433130
0.9370000000 222.861696 494.002549
0.9380000000 223.424690 495.575162
0.9390000000 223.988273 497.150973
0.9400000000 224.552444 498.729983
0.9410000000 225.117203 500.312196
0.9420000000 225.682549 501.897614
0.9430000000 226.248483 503.486241
0.9440000000 226.815004 505.078080
0.9450000000 227.382113 506.673133
0.9460000000 227.949809 508.271404
0.9470000000 228.518092 509.872894
0.9480000000 229.086962 511.477608
0.9490000000 229.656418 513.085548
0.9500000000 230.226461 514.696716
0.9510000000 230.797090 516.311117
0.9520000000 231.368306 517.928752
0.9530000000 231.940107 519.549625
0.9540000000 232.512495 521.173738
0.9550000000 233.085468 522.801094
0.9560000000 233.659027 524.431697
0.9570000000 234.233171 526.065549
0.9580000000 234.807901 527.702653
0.9590000000 235.383216 529.343012
0.9600000000 235.959115 530.986629
0.9610000000 236.535600 532.633507
0.9620000000 237.112669 534.283648
0.9630000000 237.690323 535.937056
0.9640000000 238.268562 537.593733
0.9650000000 238.847385 539.253683
0.9660000000 239.426791 540.916907
0.9670000000 240.006782 542.583410
0.9680000000 240.587357 544.253194
0.9690000000 241.168515 545.926261
0.9700000000 241.750257 547.602616
0.9710000000 242.332582 549.282260
0.9720000000 242.915490 550.965196
0.9730000000 243.498982 552.651428
0.9740000000 244.083056 554.340959
0.9750000000 244.667714 556.033790
0.9760000000 245.252954 557.729926
0.9770000000 245.838776 559.429368
0.9780000000 246.425181 561.132120
0.9790000000 247.012168 562.838185
0.9800000000 247.599737 564.547566
0.9810000000 248.187888 566.260265
0.9820000000 248.776621 567.976286
0.9830000000 249.365936 569.695631
0.9840000000 249.955832 571.418303
0.9850000000 250.546309 573.144305
0.9860000000 251.137368 574.873640
0.9870000000 251.729007 576.606310
0.9880000000 252.321228 578.342320
0.9890000000 252.914029 580.081670
0.9900000000 253.507411 581.824366
0.9910000000 254.101374 583.570408
0.9920000000 254.695917 585.319801
0.9930000000 255.291040 587.072547
0.9940000000 255.886743 588.828649
0.9950000000 256.483026 590.588110
0.9960000000 257.079889 592.350932
0.9970000000 257.677332 594.117119
0.9980000000 258.275354 595.886674
0.9990000000 258.873956 597.659598
1.0000000000 259.473136 599.435896
