# Homogenous matter with Skyrme BSkG2
# den [fm-3], E/A [MeV], Press [MeV.fm-3] 
0.0010000000 0.140974 -0.000080
0.0020000000 0.018314 -0.000611
0.0030000000 -0.150726 -0.001640
0.0040000000 -0.341090 -0.003160
0.0050000000 -0.543140 -0.005157
0.0060000000 -0.752047 -0.007614
0.0070000000 -0.965031 -0.010514
0.0080000000 -1.180348 -0.013839
0.0090000000 -1.396835 -0.017573
0.0100000000 -1.613685 -0.021698
0.0110000000 -1.830318 -0.026200
0.0120000000 -2.046309 -0.031062
0.0130000000 -2.261337 -0.036269
0.0140000000 -2.475160 -0.041806
0.0150000000 -2.687591 -0.047660
0.0160000000 -2.898485 -0.053817
0.0170000000 -3.107728 -0.060263
0.0180000000 -3.315233 -0.066984
0.0190000000 -3.520929 -0.073970
0.0200000000 -3.724764 -0.081206
0.0210000000 -3.926696 -0.088682
0.0220000000 -4.126691 -0.096385
0.0230000000 -4.324727 -0.104303
0.0240000000 -4.520786 -0.112426
0.0250000000 -4.714854 -0.120743
0.0260000000 -4.906925 -0.129242
0.0270000000 -5.096993 -0.137913
0.0280000000 -5.285057 -0.146746
0.0290000000 -5.471118 -0.155730
0.0300000000 -5.655179 -0.164856
0.0310000000 -5.837244 -0.174113
0.0320000000 -6.017320 -0.183493
0.0330000000 -6.195414 -0.192985
0.0340000000 -6.371534 -0.202580
0.0350000000 -6.545688 -0.212269
0.0360000000 -6.717888 -0.222043
0.0370000000 -6.888142 -0.231894
0.0380000000 -7.056463 -0.241811
0.0390000000 -7.222860 -0.251788
0.0400000000 -7.387345 -0.261814
0.0410000000 -7.549930 -0.271882
0.0420000000 -7.710626 -0.281984
0.0430000000 -7.869446 -0.292111
0.0440000000 -8.026400 -0.302256
0.0450000000 -8.181502 -0.312409
0.0460000000 -8.334763 -0.322564
0.0470000000 -8.486195 -0.332713
0.0480000000 -8.635810 -0.342848
0.0490000000 -8.783621 -0.352961
0.0500000000 -8.929638 -0.363045
0.0510000000 -9.073874 -0.373093
0.0520000000 -9.216340 -0.383097
0.0530000000 -9.357049 -0.393050
0.0540000000 -9.496011 -0.402944
0.0550000000 -9.633238 -0.412774
0.0560000000 -9.768742 -0.422530
0.0570000000 -9.902533 -0.432208
0.0580000000 -10.034623 -0.441800
0.0590000000 -10.165022 -0.451298
0.0600000000 -10.293741 -0.460697
0.0610000000 -10.420792 -0.469989
0.0620000000 -10.546184 -0.479169
0.0630000000 -10.669929 -0.488229
0.0640000000 -10.792036 -0.497163
0.0650000000 -10.912515 -0.505964
0.0660000000 -11.031377 -0.514627
0.0670000000 -11.148632 -0.523144
0.0680000000 -11.264289 -0.531510
0.0690000000 -11.378358 -0.539718
0.0700000000 -11.490849 -0.547763
0.0710000000 -11.601771 -0.555638
0.0720000000 -11.711133 -0.563336
0.0730000000 -11.818945 -0.570853
0.0740000000 -11.925216 -0.578182
0.0750000000 -12.029954 -0.585317
0.0760000000 -12.133168 -0.592253
0.0770000000 -12.234867 -0.598983
0.0780000000 -12.335061 -0.605501
0.0790000000 -12.433756 -0.611803
0.0800000000 -12.530962 -0.617882
0.0810000000 -12.626687 -0.623732
0.0820000000 -12.720939 -0.629349
0.0830000000 -12.813726 -0.634725
0.0840000000 -12.905056 -0.639857
0.0850000000 -12.994937 -0.644739
0.0860000000 -13.083376 -0.649364
0.0870000000 -13.170382 -0.653728
0.0880000000 -13.255961 -0.657825
0.0890000000 -13.340122 -0.661650
0.0900000000 -13.422872 -0.665198
0.0910000000 -13.504217 -0.668463
0.0920000000 -13.584166 -0.671440
0.0930000000 -13.662725 -0.674123
0.0940000000 -13.739901 -0.676509
0.0950000000 -13.815701 -0.678591
0.0960000000 -13.890132 -0.680364
0.0970000000 -13.963201 -0.681824
0.0980000000 -14.034915 -0.682965
0.0990000000 -14.105279 -0.683782
0.1000000000 -14.174301 -0.684271
0.1010000000 -14.241987 -0.684426
0.1020000000 -14.308343 -0.684242
0.1030000000 -14.373376 -0.683715
0.1040000000 -14.437092 -0.682840
0.1050000000 -14.499497 -0.681611
0.1060000000 -14.560596 -0.680025
0.1070000000 -14.620397 -0.678076
0.1080000000 -14.678905 -0.675759
0.1090000000 -14.736125 -0.673070
0.1100000000 -14.792064 -0.670004
0.1110000000 -14.846728 -0.666556
0.1120000000 -14.900121 -0.662722
0.1130000000 -14.952250 -0.658497
0.1140000000 -15.003120 -0.653876
0.1150000000 -15.052737 -0.648856
0.1160000000 -15.101106 -0.643430
0.1170000000 -15.148233 -0.637596
0.1180000000 -15.194122 -0.631348
0.1190000000 -15.238779 -0.624681
0.1200000000 -15.282209 -0.617592
0.1210000000 -15.324417 -0.610075
0.1220000000 -15.365409 -0.602127
0.1230000000 -15.405189 -0.593743
0.1240000000 -15.443763 -0.584919
0.1250000000 -15.481135 -0.575650
0.1260000000 -15.517310 -0.565931
0.1270000000 -15.552293 -0.555760
0.1280000000 -15.586089 -0.545131
0.1290000000 -15.618702 -0.534039
0.1300000000 -15.650138 -0.522482
0.1310000000 -15.680400 -0.510454
0.1320000000 -15.709494 -0.497951
0.1330000000 -15.737423 -0.484970
0.1340000000 -15.764193 -0.471505
0.1350000000 -15.789808 -0.457553
0.1360000000 -15.814272 -0.443110
0.1370000000 -15.837590 -0.428171
0.1380000000 -15.859765 -0.412733
0.1390000000 -15.880803 -0.396791
0.1400000000 -15.900707 -0.380341
0.1410000000 -15.919482 -0.363379
0.1420000000 -15.937132 -0.345902
0.1430000000 -15.953660 -0.327904
0.1440000000 -15.969072 -0.309383
0.1450000000 -15.983370 -0.290333
0.1460000000 -15.996560 -0.270752
0.1470000000 -16.008644 -0.250635
0.1480000000 -16.019628 -0.229978
0.1490000000 -16.029514 -0.208777
0.1500000000 -16.038307 -0.187029
0.1510000000 -16.046010 -0.164729
0.1520000000 -16.052628 -0.141874
0.1530000000 -16.058164 -0.118460
0.1540000000 -16.062622 -0.094482
0.1550000000 -16.066005 -0.069938
0.1560000000 -16.068317 -0.044823
0.1570000000 -16.069561 -0.019133
0.1580000000 -16.069743 0.007135
0.1590000000 -16.068864 0.033985
0.1600000000 -16.066928 0.061421
0.1610000000 -16.063939 0.089447
0.1620000000 -16.059901 0.118066
0.1630000000 -16.054817 0.147282
0.1640000000 -16.048689 0.177099
0.1650000000 -16.041523 0.207521
0.1660000000 -16.033320 0.238550
0.1670000000 -16.024085 0.270192
0.1680000000 -16.013820 0.302448
0.1690000000 -16.002529 0.335324
0.1700000000 -15.990215 0.368823
0.1710000000 -15.976881 0.402948
0.1720000000 -15.962531 0.437703
0.1730000000 -15.947168 0.473092
0.1740000000 -15.930795 0.509118
0.1750000000 -15.913414 0.545784
0.1760000000 -15.895029 0.583095
0.1770000000 -15.875644 0.621053
0.1780000000 -15.855261 0.659663
0.1790000000 -15.833882 0.698928
0.1800000000 -15.811512 0.738851
0.1810000000 -15.788153 0.779435
0.1820000000 -15.763808 0.820685
0.1830000000 -15.738480 0.862604
0.1840000000 -15.712172 0.905195
0.1850000000 -15.684887 0.948462
0.1860000000 -15.656627 0.992408
0.1870000000 -15.627396 1.037036
0.1880000000 -15.597196 1.082351
0.1890000000 -15.566030 1.128354
0.1900000000 -15.533901 1.175051
0.1910000000 -15.500811 1.222443
0.1920000000 -15.466764 1.270535
0.1930000000 -15.431762 1.319330
0.1940000000 -15.395807 1.368831
0.1950000000 -15.358903 1.419042
0.1960000000 -15.321052 1.469965
0.1970000000 -15.282257 1.521605
0.1980000000 -15.242520 1.573964
0.1990000000 -15.201843 1.627046
0.2000000000 -15.160230 1.680855
0.2010000000 -15.117684 1.735392
0.2020000000 -15.074205 1.790662
0.2030000000 -15.029798 1.846668
0.2040000000 -14.984464 1.903414
0.2050000000 -14.938207 1.960901
0.2060000000 -14.891028 2.019134
0.2070000000 -14.842930 2.078117
0.2080000000 -14.793915 2.137851
0.2090000000 -14.743986 2.198340
0.2100000000 -14.693145 2.259588
0.2110000000 -14.641395 2.321597
0.2120000000 -14.588738 2.384372
0.2130000000 -14.535176 2.447914
0.2140000000 -14.480712 2.512228
0.2150000000 -14.425348 2.577315
0.2160000000 -14.369086 2.643181
0.2170000000 -14.311929 2.709826
0.2180000000 -14.253879 2.777256
0.2190000000 -14.194937 2.845472
0.2200000000 -14.135107 2.914478
0.2210000000 -14.074391 2.984278
0.2220000000 -14.012790 3.054873
0.2230000000 -13.950308 3.126267
0.2240000000 -13.886945 3.198464
0.2250000000 -13.822705 3.271466
0.2260000000 -13.757590 3.345277
0.2270000000 -13.691601 3.419898
0.2280000000 -13.624741 3.495335
0.2290000000 -13.557011 3.571589
0.2300000000 -13.488415 3.648663
0.2310000000 -13.418954 3.726561
0.2320000000 -13.348630 3.805285
0.2330000000 -13.277445 3.884839
0.2340000000 -13.205402 3.965226
0.2350000000 -13.132502 4.046448
0.2360000000 -13.058747 4.128508
0.2370000000 -12.984139 4.211410
0.2380000000 -12.908681 4.295157
0.2390000000 -12.832374 4.379751
0.2400000000 -12.755221 4.465195
0.2410000000 -12.677223 4.551492
0.2420000000 -12.598382 4.638646
0.2430000000 -12.518700 4.726659
0.2440000000 -12.438179 4.815534
0.2450000000 -12.356821 4.905273
0.2460000000 -12.274629 4.995881
0.2470000000 -12.191603 5.087360
0.2480000000 -12.107745 5.179712
0.2490000000 -12.023059 5.272941
0.2500000000 -11.937544 5.367049
0.2510000000 -11.851204 5.462039
0.2520000000 -11.764041 5.557915
0.2530000000 -11.676055 5.654679
0.2540000000 -11.587248 5.752333
0.2550000000 -11.497624 5.850881
0.2560000000 -11.407182 5.950326
0.2570000000 -11.315926 6.050670
0.2580000000 -11.223857 6.151917
0.2590000000 -11.130977 6.254068
0.2600000000 -11.037286 6.357127
0.2610000000 -10.942789 6.461097
0.2620000000 -10.847485 6.565980
0.2630000000 -10.751376 6.671780
0.2640000000 -10.654465 6.778498
0.2650000000 -10.556753 6.886138
0.2660000000 -10.458242 6.994703
0.2670000000 -10.358933 7.104195
0.2680000000 -10.258829 7.214617
0.2690000000 -10.157930 7.325972
0.2700000000 -10.056239 7.438263
0.2710000000 -9.953756 7.551492
0.2720000000 -9.850485 7.665662
0.2730000000 -9.746426 7.780775
0.2740000000 -9.641581 7.896836
0.2750000000 -9.535951 8.013845
0.2760000000 -9.429539 8.131807
0.2770000000 -9.322345 8.250723
0.2780000000 -9.214372 8.370596
0.2790000000 -9.105621 8.491429
0.2800000000 -8.996094 8.613225
0.2810000000 -8.885791 8.735987
0.2820000000 -8.774716 8.859717
0.2830000000 -8.662868 8.984417
0.2840000000 -8.550250 9.110091
0.2850000000 -8.436864 9.236740
0.2860000000 -8.322710 9.364369
0.2870000000 -8.207791 9.492979
0.2880000000 -8.092107 9.622573
0.2890000000 -7.975661 9.753153
0.2900000000 -7.858454 9.884723
0.2910000000 -7.740487 10.017285
0.2920000000 -7.621762 10.150841
0.2930000000 -7.502280 10.285395
0.2940000000 -7.382043 10.420948
0.2950000000 -7.261052 10.557504
0.2960000000 -7.139308 10.695064
0.2970000000 -7.016814 10.833632
0.2980000000 -6.893570 10.973211
0.2990000000 -6.769578 11.113801
0.3000000000 -6.644839 11.255408
0.3010000000 -6.519355 11.398032
0.3020000000 -6.393128 11.541677
0.3030000000 -6.266157 11.686344
0.3040000000 -6.138446 11.832038
0.3050000000 -6.009995 11.978759
0.3060000000 -5.880806 12.126511
0.3070000000 -5.750879 12.275296
0.3080000000 -5.620217 12.425117
0.3090000000 -5.488821 12.575977
0.3100000000 -5.356692 12.727877
0.3110000000 -5.223832 12.880820
0.3120000000 -5.090241 13.034810
0.3130000000 -4.955921 13.189847
0.3140000000 -4.820874 13.345936
0.3150000000 -4.685101 13.503078
0.3160000000 -4.548603 13.661276
0.3170000000 -4.411381 13.820532
0.3180000000 -4.273436 13.980849
0.3190000000 -4.134771 14.142230
0.3200000000 -3.995386 14.304676
0.3210000000 -3.855283 14.468191
0.3220000000 -3.714462 14.632777
0.3230000000 -3.572925 14.798436
0.3240000000 -3.430674 14.965170
0.3250000000 -3.287710 15.132983
0.3260000000 -3.144033 15.301876
0.3270000000 -2.999645 15.471853
0.3280000000 -2.854548 15.642915
0.3290000000 -2.708742 15.815065
0.3300000000 -2.562229 15.988305
0.3310000000 -2.415010 16.162638
0.3320000000 -2.267086 16.338067
0.3330000000 -2.118459 16.514593
0.3340000000 -1.969129 16.692219
0.3350000000 -1.819098 16.870948
0.3360000000 -1.668367 17.050782
0.3370000000 -1.516938 17.231723
0.3380000000 -1.364810 17.413774
0.3390000000 -1.211987 17.596937
0.3400000000 -1.058468 17.781214
0.3410000000 -0.904255 17.966608
0.3420000000 -0.749349 18.153122
0.3430000000 -0.593752 18.340758
0.3440000000 -0.437463 18.529517
0.3450000000 -0.280486 18.719403
0.3460000000 -0.122820 18.910418
0.3470000000 0.035533 19.102564
0.3480000000 0.194572 19.295843
0.3490000000 0.354296 19.490258
0.3500000000 0.514704 19.685812
0.3510000000 0.675795 19.882506
0.3520000000 0.837567 20.080343
0.3530000000 1.000019 20.279325
0.3540000000 1.163151 20.479455
0.3550000000 1.326962 20.680735
0.3560000000 1.491449 20.883167
0.3570000000 1.656612 21.086754
0.3580000000 1.822451 21.291497
0.3590000000 1.988963 21.497400
0.3600000000 2.156148 21.704464
0.3610000000 2.324005 21.912693
0.3620000000 2.492532 22.122087
0.3630000000 2.661729 22.332650
0.3640000000 2.831595 22.544383
0.3650000000 3.002128 22.757290
0.3660000000 3.173328 22.971372
0.3670000000 3.345193 23.186631
0.3680000000 3.517723 23.403070
0.3690000000 3.690916 23.620692
0.3700000000 3.864771 23.839498
0.3710000000 4.039287 24.059491
0.3720000000 4.214464 24.280673
0.3730000000 4.390300 24.503046
0.3740000000 4.566794 24.726612
0.3750000000 4.743946 24.951374
0.3760000000 4.921754 25.177335
0.3770000000 5.100216 25.404495
0.3780000000 5.279334 25.632859
0.3790000000 5.459104 25.862426
0.3800000000 5.639527 26.093201
0.3810000000 5.820600 26.325185
0.3820000000 6.002325 26.558381
0.3830000000 6.184698 26.792790
0.3840000000 6.367720 27.028416
0.3850000000 6.551389 27.265259
0.3860000000 6.735704 27.503323
0.3870000000 6.920665 27.742609
0.3880000000 7.106270 27.983120
0.3890000000 7.292519 28.224858
0.3900000000 7.479411 28.467826
0.3910000000 7.666944 28.712024
0.3920000000 7.855117 28.957457
0.3930000000 8.043931 29.204125
0.3940000000 8.233383 29.452031
0.3950000000 8.423473 29.701177
0.3960000000 8.614200 29.951566
0.3970000000 8.805562 30.203199
0.3980000000 8.997560 30.456079
0.3990000000 9.190193 30.710208
0.4000000000 9.383458 30.965588
0.4010000000 9.577356 31.222221
0.4020000000 9.771885 31.480109
0.4030000000 9.967044 31.739255
0.4040000000 10.162833 31.999661
0.4050000000 10.359251 32.261329
0.4060000000 10.556297 32.524261
0.4070000000 10.753970 32.788459
0.4080000000 10.952269 33.053925
0.4090000000 11.151192 33.320662
0.4100000000 11.350741 33.588671
0.4110000000 11.550912 33.857955
0.4120000000 11.751706 34.128516
0.4130000000 11.953122 34.400356
0.4140000000 12.155158 34.673477
0.4150000000 12.357815 34.947881
0.4160000000 12.561090 35.223571
0.4170000000 12.764984 35.500548
0.4180000000 12.969495 35.778815
0.4190000000 13.174622 36.058374
0.4200000000 13.380366 36.339226
0.4210000000 13.586723 36.621375
0.4220000000 13.793695 36.904821
0.4230000000 14.001280 37.189568
0.4240000000 14.209478 37.475617
0.4250000000 14.418286 37.762970
0.4260000000 14.627706 38.051629
0.4270000000 14.837735 38.341598
0.4280000000 15.048373 38.632876
0.4290000000 15.259619 38.925468
0.4300000000 15.471473 39.219374
0.4310000000 15.683933 39.514597
0.4320000000 15.896998 39.811139
0.4330000000 16.110669 40.109002
0.4340000000 16.324944 40.408188
0.4350000000 16.539821 40.708699
0.4360000000 16.755302 41.010538
0.4370000000 16.971384 41.313705
0.4380000000 17.188067 41.618204
0.4390000000 17.405350 41.924037
0.4400000000 17.623232 42.231204
0.4410000000 17.841713 42.539710
0.4420000000 18.060791 42.849554
0.4430000000 18.280467 43.160741
0.4440000000 18.500738 43.473271
0.4450000000 18.721605 43.787146
0.4460000000 18.943067 44.102369
0.4470000000 19.165122 44.418942
0.4480000000 19.387771 44.736867
0.4490000000 19.611012 45.056145
0.4500000000 19.834844 45.376779
0.4510000000 20.059267 45.698771
0.4520000000 20.284280 46.022123
0.4530000000 20.509882 46.346837
0.4540000000 20.736073 46.672914
0.4550000000 20.962852 47.000358
0.4560000000 21.190217 47.329169
0.4570000000 21.418169 47.659350
0.4580000000 21.646707 47.990903
0.4590000000 21.875829 48.323830
0.4600000000 22.105535 48.658133
0.4610000000 22.335825 48.993813
0.4620000000 22.566697 49.330874
0.4630000000 22.798151 49.669316
0.4640000000 23.030186 50.009143
0.4650000000 23.262801 50.350355
0.4660000000 23.495996 50.692955
0.4670000000 23.729770 51.036945
0.4680000000 23.964122 51.382326
0.4690000000 24.199052 51.729101
0.4700000000 24.434559 52.077272
0.4710000000 24.670642 52.426841
0.4720000000 24.907300 52.777809
0.4730000000 25.144532 53.130179
0.4740000000 25.382339 53.483953
0.4750000000 25.620719 53.839132
0.4760000000 25.859671 54.195719
0.4770000000 26.099196 54.553715
0.4780000000 26.339291 54.913123
0.4790000000 26.579957 55.273944
0.4800000000 26.821193 55.636180
0.4810000000 27.062998 55.999833
0.4820000000 27.305371 56.364906
0.4830000000 27.548312 56.731400
0.4840000000 27.791820 57.099317
0.4850000000 28.035895 57.468659
0.4860000000 28.280535 57.839428
0.4870000000 28.525740 58.211626
0.4880000000 28.771510 58.585255
0.4890000000 29.017843 58.960316
0.4900000000 29.264739 59.336812
0.4910000000 29.512197 59.714745
0.4920000000 29.760218 60.094116
0.4930000000 30.008799 60.474928
0.4940000000 30.257940 60.857182
0.4950000000 30.507641 61.240880
0.4960000000 30.757902 61.626025
0.4970000000 31.008720 62.012617
0.4980000000 31.260097 62.400660
0.4990000000 31.512030 62.790155
0.5000000000 31.764520 63.181103
0.5010000000 32.017565 63.573507
0.5020000000 32.271166 63.967368
0.5030000000 32.525321 64.362689
0.5040000000 32.780030 64.759472
0.5050000000 33.035293 65.157717
0.5060000000 33.291107 65.557428
0.5070000000 33.547474 65.958606
0.5080000000 33.804392 66.361253
0.5090000000 34.061861 66.765371
0.5100000000 34.319880 67.170961
0.5110000000 34.578448 67.578026
0.5120000000 34.837565 67.986567
0.5130000000 35.097230 68.396587
0.5140000000 35.357443 68.808087
0.5150000000 35.618203 69.221069
0.5160000000 35.879509 69.635535
0.5170000000 36.141361 70.051486
0.5180000000 36.403757 70.468926
0.5190000000 36.666699 70.887854
0.5200000000 36.930184 71.308275
0.5210000000 37.194212 71.730188
0.5220000000 37.458783 72.153596
0.5230000000 37.723896 72.578502
0.5240000000 37.989551 73.004906
0.5250000000 38.255746 73.432811
0.5260000000 38.522482 73.862218
0.5270000000 38.789757 74.293130
0.5280000000 39.057571 74.725547
0.5290000000 39.325924 75.159473
0.5300000000 39.594815 75.594909
0.5310000000 39.864243 76.031856
0.5320000000 40.134207 76.470317
0.5330000000 40.404708 76.910293
0.5340000000 40.675744 77.351786
0.5350000000 40.947315 77.794798
0.5360000000 41.219421 78.239331
0.5370000000 41.492060 78.685387
0.5380000000 41.765232 79.132967
0.5390000000 42.038937 79.582074
0.5400000000 42.313174 80.032708
0.5410000000 42.587943 80.484873
0.5420000000 42.863242 80.938569
0.5430000000 43.139072 81.393799
0.5440000000 43.415432 81.850564
0.5450000000 43.692320 82.308866
0.5460000000 43.969737 82.768707
0.5470000000 44.247683 83.230089
0.5480000000 44.526156 83.693013
0.5490000000 44.805155 84.157482
0.5500000000 45.084682 84.623497
0.5510000000 45.364733 85.091060
0.5520000000 45.645311 85.560173
0.5530000000 45.926413 86.030837
0.5540000000 46.208039 86.503055
0.5550000000 46.490188 86.976827
0.5560000000 46.772861 87.452157
0.5570000000 47.056056 87.929045
0.5580000000 47.339773 88.407494
0.5590000000 47.624012 88.887505
0.5600000000 47.908772 89.369080
0.5610000000 48.194051 89.852221
0.5620000000 48.479851 90.336929
0.5630000000 48.766170 90.823207
0.5640000000 49.053007 91.311056
0.5650000000 49.340363 91.800477
0.5660000000 49.628236 92.291474
0.5670000000 49.916627 92.784047
0.5680000000 50.205534 93.278198
0.5690000000 50.494957 93.773929
0.5700000000 50.784895 94.271241
0.5710000000 51.075349 94.770137
0.5720000000 51.366317 95.270619
0.5730000000 51.657799 95.772687
0.5740000000 51.949795 96.276344
0.5750000000 52.242303 96.781592
0.5760000000 52.535323 97.288431
0.5770000000 52.828856 97.796865
0.5780000000 53.122900 98.306894
0.5790000000 53.417455 98.818521
0.5800000000 53.712520 99.331747
0.5810000000 54.008094 99.846574
0.5820000000 54.304178 100.363004
0.5830000000 54.600771 100.881038
0.5840000000 54.897872 101.400679
0.5850000000 55.195481 101.921927
0.5860000000 55.493597 102.444785
0.5870000000 55.792220 102.969254
0.5880000000 56.091349 103.495336
0.5890000000 56.390984 104.023033
0.5900000000 56.691124 104.552347
0.5910000000 56.991769 105.083278
0.5920000000 57.292918 105.615830
0.5930000000 57.594571 106.150004
0.5940000000 57.896727 106.685801
0.5950000000 58.199386 107.223223
0.5960000000 58.502547 107.762271
0.5970000000 58.806210 108.302949
0.5980000000 59.110374 108.845256
0.5990000000 59.415039 109.389196
0.6000000000 59.720204 109.934769
0.6010000000 60.025869 110.481978
0.6020000000 60.332033 111.030824
0.6030000000 60.638696 111.581308
0.6040000000 60.945858 112.133433
0.6050000000 61.253517 112.687201
0.6060000000 61.561674 113.242612
0.6070000000 61.870328 113.799668
0.6080000000 62.179478 114.358372
0.6090000000 62.489124 114.918725
0.6100000000 62.799266 115.480729
0.6110000000 63.109903 116.044385
0.6120000000 63.421034 116.609695
0.6130000000 63.732659 117.176660
0.6140000000 64.044778 117.745283
0.6150000000 64.357390 118.315566
0.6160000000 64.670495 118.887508
0.6170000000 64.984092 119.461114
0.6180000000 65.298180 120.036383
0.6190000000 65.612760 120.613319
0.6200000000 65.927831 121.191921
0.6210000000 66.243392 121.772193
0.6220000000 66.559443 122.354136
0.6230000000 66.875983 122.937751
0.6240000000 67.193013 123.523041
0.6250000000 67.510530 124.110006
0.6260000000 67.828536 124.698648
0.6270000000 68.147030 125.288970
0.6280000000 68.466010 125.880973
0.6290000000 68.785478 126.474658
0.6300000000 69.105431 127.070027
0.6310000000 69.425870 127.667082
0.6320000000 69.746795 128.265825
0.6330000000 70.068204 128.866256
0.6340000000 70.390098 129.468379
0.6350000000 70.712476 130.072194
0.6360000000 71.035338 130.677702
0.6370000000 71.358682 131.284907
0.6380000000 71.682509 131.893809
0.6390000000 72.006819 132.504410
0.6400000000 72.331610 133.116711
0.6410000000 72.656883 133.730715
0.6420000000 72.982636 134.346422
0.6430000000 73.308870 134.963836
0.6440000000 73.635584 135.582956
0.6450000000 73.962777 136.203785
0.6460000000 74.290450 136.826325
0.6470000000 74.618601 137.450577
0.6480000000 74.947231 138.076542
0.6490000000 75.276338 138.704223
0.6500000000 75.605923 139.333621
0.6510000000 75.935985 139.964738
0.6520000000 76.266524 140.597575
0.6530000000 76.597538 141.232133
0.6540000000 76.929029 141.868415
0.6550000000 77.260994 142.506423
0.6560000000 77.593435 143.146157
0.6570000000 77.926350 143.787619
0.6580000000 78.259739 144.430811
0.6590000000 78.593601 145.075735
0.6600000000 78.927937 145.722392
0.6610000000 79.262745 146.370784
0.6620000000 79.598026 147.020912
0.6630000000 79.933779 147.672778
0.6640000000 80.270003 148.326384
0.6650000000 80.606698 148.981731
0.6660000000 80.943864 149.638821
0.6670000000 81.281500 150.297656
0.6680000000 81.619606 150.958236
0.6690000000 81.958182 151.620565
0.6700000000 82.297227 152.284642
0.6710000000 82.636740 152.950470
0.6720000000 82.976721 153.618051
0.6730000000 83.317170 154.287386
0.6740000000 83.658087 154.958476
0.6750000000 83.999470 155.631324
0.6760000000 84.341321 156.305930
0.6770000000 84.683637 156.982297
0.6780000000 85.026419 157.660426
0.6790000000 85.369667 158.340319
0.6800000000 85.713379 159.021976
0.6810000000 86.057556 159.705401
0.6820000000 86.402197 160.390594
0.6830000000 86.747302 161.077556
0.6840000000 87.092871 161.766290
0.6850000000 87.438902 162.456798
0.6860000000 87.785396 163.149080
0.6870000000 88.132352 163.843138
0.6880000000 88.479770 164.538974
0.6890000000 88.827649 165.236589
0.6900000000 89.175990 165.935986
0.6910000000 89.524791 166.637164
0.6920000000 89.874052 167.340127
0.6930000000 90.223773 168.044876
0.6940000000 90.573954 168.751412
0.6950000000 90.924593 169.459737
0.6960000000 91.275692 170.169852
0.6970000000 91.627248 170.881759
0.6980000000 91.979263 171.595459
0.6990000000 92.331735 172.310955
0.7000000000 92.684664 173.028247
0.7010000000 93.038050 173.747337
0.7020000000 93.391893 174.468227
0.7030000000 93.746191 175.190918
0.7040000000 94.100945 175.915413
0.7050000000 94.456154 176.641711
0.7060000000 94.811818 177.369815
0.7070000000 95.167937 178.099727
0.7080000000 95.524510 178.831448
0.7090000000 95.881536 179.564980
0.7100000000 96.239016 180.300324
0.7110000000 96.596949 181.037481
0.7120000000 96.955334 181.776454
0.7130000000 97.314172 182.517243
0.7140000000 97.673461 183.259851
0.7150000000 98.033202 184.004278
0.7160000000 98.393395 184.750527
0.7170000000 98.754038 185.498599
0.7180000000 99.115131 186.248495
0.7190000000 99.476674 187.000217
0.7200000000 99.838667 187.753767
0.7210000000 100.201110 188.509146
0.7220000000 100.564001 189.266355
0.7230000000 100.927341 190.025396
0.7240000000 101.291129 190.786272
0.7250000000 101.655365 191.548982
0.7260000000 102.020048 192.313529
0.7270000000 102.385179 193.079914
0.7280000000 102.750756 193.848139
0.7290000000 103.116780 194.618205
0.7300000000 103.483249 195.390114
0.7310000000 103.850165 196.163867
0.7320000000 104.217525 196.939467
0.7330000000 104.585331 197.716913
0.7340000000 104.953581 198.496208
0.7350000000 105.322276 199.277354
0.7360000000 105.691415 200.060352
0.7370000000 106.060997 200.845203
0.7380000000 106.431022 201.631909
0.7390000000 106.801490 202.420471
0.7400000000 107.172401 203.210891
0.7410000000 107.543753 204.003171
0.7420000000 107.915548 204.797312
0.7430000000 108.287784 205.593315
0.7440000000 108.660461 206.391182
0.7450000000 109.033579 207.190914
0.7460000000 109.407137 207.992514
0.7470000000 109.781136 208.795982
0.7480000000 110.155574 209.601320
0.7490000000 110.530451 210.408529
0.7500000000 110.905768 211.217611
0.7510000000 111.281523 212.028568
0.7520000000 111.657716 212.841401
0.7530000000 112.034348 213.656111
0.7540000000 112.411417 214.472700
0.7550000000 112.788924 215.291169
0.7560000000 113.166867 216.111521
0.7570000000 113.545247 216.933756
0.7580000000 113.924064 217.757875
0.7590000000 114.303316 218.583881
0.7600000000 114.683004 219.411775
0.7610000000 115.063127 220.241559
0.7620000000 115.443686 221.073233
0.7630000000 115.824679 221.906799
0.7640000000 116.206106 222.742259
0.7650000000 116.587967 223.579615
0.7660000000 116.970262 224.418867
0.7670000000 117.352990 225.260018
0.7680000000 117.736151 226.103068
0.7690000000 118.119745 226.948019
0.7700000000 118.503771 227.794873
0.7710000000 118.888229 228.643632
0.7720000000 119.273119 229.494295
0.7730000000 119.658440 230.346866
0.7740000000 120.044192 231.201346
0.7750000000 120.430375 232.057735
0.7760000000 120.816988 232.916036
0.7770000000 121.204031 233.776250
0.7780000000 121.591504 234.638378
0.7790000000 121.979406 235.502422
0.7800000000 122.367737 236.368383
0.7810000000 122.756497 237.236264
0.7820000000 123.145685 238.106064
0.7830000000 123.535302 238.977786
0.7840000000 123.925346 239.851432
0.7850000000 124.315817 240.727002
0.7860000000 124.706716 241.604498
0.7870000000 125.098042 242.483922
0.7880000000 125.489794 243.365274
0.7890000000 125.881972 244.248558
0.7900000000 126.274576 245.133773
0.7910000000 126.667606 246.020921
0.7920000000 127.061061 246.910004
0.7930000000 127.454940 247.801024
0.7940000000 127.849245 248.693981
0.7950000000 128.243973 249.588877
0.7960000000 128.639126 250.485714
0.7970000000 129.034702 251.384493
0.7980000000 129.430702 252.285216
0.7990000000 129.827124 253.187883
0.8000000000 130.223970 254.092497
0.8010000000 130.621238 254.999059
0.8020000000 131.018927 255.907570
0.8030000000 131.417039 256.818031
0.8040000000 131.815572 257.730445
0.8050000000 132.214527 258.644812
0.8060000000 132.613902 259.561134
0.8070000000 133.013698 260.479413
0.8080000000 133.413914 261.399650
0.8090000000 133.814550 262.321845
0.8100000000 134.215606 263.246002
0.8110000000 134.617081 264.172121
0.8120000000 135.018975 265.100203
0.8130000000 135.421288 266.030251
0.8140000000 135.824019 266.962264
0.8150000000 136.227168 267.896246
0.8160000000 136.630736 268.832197
0.8170000000 137.034720 269.770119
0.8180000000 137.439122 270.710013
0.8190000000 137.843941 271.651880
0.8200000000 138.249177 272.595722
0.8210000000 138.654829 273.541541
0.8220000000 139.060897 274.489338
0.8230000000 139.467381 275.439114
0.8240000000 139.874280 276.390870
0.8250000000 140.281595 277.344609
0.8260000000 140.689324 278.300331
0.8270000000 141.097468 279.258038
0.8280000000 141.506026 280.217731
0.8290000000 141.914998 281.179412
0.8300000000 142.324384 282.143083
0.8310000000 142.734183 283.108743
0.8320000000 143.144396 284.076396
0.8330000000 143.555021 285.046042
0.8340000000 143.966058 286.017683
0.8350000000 144.377508 286.991320
0.8360000000 144.789370 287.966955
0.8370000000 145.201644 288.944588
0.8380000000 145.614329 289.924222
0.8390000000 146.027425 290.905858
0.8400000000 146.440931 291.889497
0.8410000000 146.854849 292.875141
0.8420000000 147.269176 293.862790
0.8430000000 147.683914 294.852447
0.8440000000 148.099061 295.844113
0.8450000000 148.514617 296.837789
0.8460000000 148.930583 297.833477
0.8470000000 149.346957 298.831177
0.8480000000 149.763740 299.830892
0.8490000000 150.180931 300.832623
0.8500000000 150.598530 301.836371
0.8510000000 151.016537 302.842137
0.8520000000 151.434951 303.849923
0.8530000000 151.853772 304.859731
0.8540000000 152.273001 305.871561
0.8550000000 152.692635 306.885416
0.8560000000 153.112676 307.901296
0.8570000000 153.533123 308.919202
0.8580000000 153.953976 309.939137
0.8590000000 154.375234 310.961102
0.8600000000 154.796897 311.985098
0.8610000000 155.218965 313.011126
0.8620000000 155.641438 314.039188
0.8630000000 156.064315 315.069285
0.8640000000 156.487596 316.101418
0.8650000000 156.911281 317.135590
0.8660000000 157.335369 318.171800
0.8670000000 157.759861 319.210052
0.8680000000 158.184756 320.250345
0.8690000000 158.610053 321.292682
0.8700000000 159.035753 322.337064
0.8710000000 159.461855 323.383491
0.8720000000 159.888358 324.431967
0.8730000000 160.315264 325.482491
0.8740000000 160.742571 326.535065
0.8750000000 161.170278 327.589691
0.8760000000 161.598387 328.646371
0.8770000000 162.026896 329.705104
0.8780000000 162.455806 330.765893
0.8790000000 162.885115 331.828740
0.8800000000 163.314824 332.893644
0.8810000000 163.744933 333.960609
0.8820000000 164.175441 335.029635
0.8830000000 164.606347 336.100723
0.8840000000 165.037653 337.173875
0.8850000000 165.469357 338.249093
0.8860000000 165.901459 339.326377
0.8870000000 166.333958 340.405729
0.8880000000 166.766856 341.487150
0.8890000000 167.200151 342.570642
0.8900000000 167.633843 343.656207
0.8910000000 168.067931 344.743844
0.8920000000 168.502417 345.833556
0.8930000000 168.937298 346.925345
0.8940000000 169.372576 348.019211
0.8950000000 169.808249 349.115155
0.8960000000 170.244318 350.213180
0.8970000000 170.680783 351.313286
0.8980000000 171.117642 352.415476
0.8990000000 171.554896 353.519749
0.9000000000 171.992545 354.626108
0.9010000000 172.430587 355.734554
0.9020000000 172.869024 356.845088
0.9030000000 173.307854 357.957711
0.9040000000 173.747078 359.072426
0.9050000000 174.186696 360.189233
0.9060000000 174.626706 361.308133
0.9070000000 175.067109 362.429128
0.9080000000 175.507904 363.552220
0.9090000000 175.949091 364.677409
0.9100000000 176.390671 365.804697
0.9110000000 176.832642 366.934086
0.9120000000 177.275004 368.065576
0.9130000000 177.717758 369.199169
0.9140000000 178.160903 370.334866
0.9150000000 178.604438 371.472669
0.9160000000 179.048364 372.612579
0.9170000000 179.492680 373.754597
0.9180000000 179.937386 374.898725
0.9190000000 180.382481 376.044964
0.9200000000 180.827966 377.193315
0.9210000000 181.273841 378.343780
0.9220000000 181.720104 379.496359
0.9230000000 182.166756 380.651055
0.9240000000 182.613796 381.807869
0.9250000000 183.061225 382.966801
0.9260000000 183.509041 384.127854
0.9270000000 183.957245 385.291028
0.9280000000 184.405837 386.456325
0.9290000000 184.854816 387.623746
0.9300000000 185.304182 388.793293
0.9310000000 185.753934 389.964966
0.9320000000 186.204073 391.138768
0.9330000000 186.654599 392.314699
0.9340000000 187.105510 393.492761
0.9350000000 187.556807 394.672955
0.9360000000 188.008490 395.855283
0.9370000000 188.460558 397.039745
0.9380000000 188.913011 398.226343
0.9390000000 189.365848 399.415079
0.9400000000 189.819071 400.605953
0.9410000000 190.272677 401.798967
0.9420000000 190.726668 402.994123
0.9430000000 191.181042 404.191421
0.9440000000 191.635800 405.390863
0.9450000000 192.090942 406.592451
0.9460000000 192.546466 407.796185
0.9470000000 193.002374 409.002066
0.9480000000 193.458664 410.210097
0.9490000000 193.915336 411.420279
0.9500000000 194.372391 412.632612
0.9510000000 194.829828 413.847098
0.9520000000 195.287646 415.063738
0.9530000000 195.745846 416.282535
0.9540000000 196.204427 417.503488
0.9550000000 196.663389 418.726599
0.9560000000 197.122732 419.951870
0.9570000000 197.582455 421.179302
0.9580000000 198.042559 422.408896
0.9590000000 198.503042 423.640653
0.9600000000 198.963906 424.874575
0.9610000000 199.425149 426.110663
0.9620000000 199.886771 427.348919
0.9630000000 200.348773 428.589343
0.9640000000 200.811153 429.831937
0.9650000000 201.273913 431.076703
0.9660000000 201.737050 432.323640
0.9670000000 202.200566 433.572752
0.9680000000 202.664460 434.824039
0.9690000000 203.128731 436.077502
0.9700000000 203.593381 437.333143
0.9710000000 204.058407 438.590962
0.9720000000 204.523810 439.850962
0.9730000000 204.989591 441.113144
0.9740000000 205.455748 442.377508
0.9750000000 205.922281 443.644056
0.9760000000 206.389190 444.912790
0.9770000000 206.856476 446.183711
0.9780000000 207.324137 447.456819
0.9790000000 207.792174 448.732117
0.9800000000 208.260586 450.009605
0.9810000000 208.729372 451.289285
0.9820000000 209.198534 452.571158
0.9830000000 209.668071 453.855225
0.9840000000 210.137981 455.141488
0.9850000000 210.608266 456.429948
0.9860000000 211.078925 457.720606
0.9870000000 211.549957 459.013463
0.9880000000 212.021363 460.308522
0.9890000000 212.493142 461.605782
0.9900000000 212.965295 462.905245
0.9910000000 213.437820 464.206913
0.9920000000 213.910717 465.510787
0.9930000000 214.383987 466.816868
0.9940000000 214.857629 468.125158
0.9950000000 215.331643 469.435656
0.9960000000 215.806029 470.748366
0.9970000000 216.280786 472.063288
0.9980000000 216.755915 473.380424
0.9990000000 217.231415 474.699774
1.0000000000 217.707285 476.021340
