# SM
# From S. Elhatisari, L. Bovermann, Y.-Z. Ma et al., Nature 630, 59 (2024)
<<<<<<< HEAD:data/eos/micro/2024-NLEFT-SM.dat
# den (fm-3) E (MeV) E_err (MeV) E (MeV) E_err (MeV)
0.0154   -101.4   0.2   -102.4    0.7
0.0205   -137.3   0.3   -164.0    2.0
0.0308   -219.9.  0.1   -281.0    3.0
0.0461   -328.0   1.0   -456.0    2.0
0.0615   -453.0   1.0   -697.0    4.0
0.0768   -569.0   2.0   -851.0    6.0
0.0922   -699.0   1.0  -1067.0    5.0
0.1076   -830.0   2.0  -1328.0    5.0
0.1230   -965.0   3.0  -1642.0    6.0
0.1435  -1090.0   2.0  -1945.0    8.0
0.1640  -1060.0   2.0  -2078.0    7.0
0.1845   -963.0   7.0  -2150.0   43.0
0.2050   -850.0  39.0  -2437.0  317.0
=======
# A(=2N=2Z),L(fm),rho(fm^(-3)),E at N3LO [2NFs only] (MeV),E_err (MeV),E at N3LO [2NFs+3NFs] (MeV), E_err (MeV)
12,9.21,0.0154,-101.4,0.2,-102.4,0.7
16,9.21,0.0205,-137.3,0.3,-164.0,2.0
24,9.21,0.0308,-219.9,0.1,-281.0,3.0
36,9.21,0.0461,-328.0,1.0,-456.0,2.0
48,9.21,0.0615,-453.0,1.0,-697.0,4.0
60,9.21,0.0768,-569.0,2.0,-851.0,6.0
72,9.21,0.0922,-699.0,1.0,-1067.0,5.0
84,9.21,0.1076,-830.0,2.0,-1328.0,5.0
96,9.21,0.1230,-965.0,3.0,-1642.0,6.0
112,9.21,0.1435,-1090.0,2.0,-1945.0,8.0
128,9.21,0.1640,-1060.0,2.0,-2078.0,7.0
144,9.21,0.1845,-963.0,7.0,-2150.0,43.0
160,9.21,0.2050,-850.0,39.0,-2437.0,317.0
>>>>>>> 0703f575ff43df526f8e0915ce9d8e530913cf01:data/matter/micro/2024-NLEFT-SM.dat
