# Homogenous matter with Skyrme BSkG2
# den [fm-3], kF [fm-1], E/A_int [MeV],Press [MeV.fm-3], a=1,  (cs/c)^2 
0.0010000000 0.2455445702 0.140974 -0.000080 1.000000 0.000000
0.0110000000 0.5460862354 -1.830318 -0.026200 1.000000 -0.002786
0.0210000000 0.6774388510 -3.926696 -0.088682 1.000000 -0.006695
0.0310000000 0.7713489620 -5.837244 -0.174113 1.000000 -0.009189
0.0410000000 0.8466910201 -7.549930 -0.271882 1.000000 -0.010550
0.0510000000 0.9105847937 -9.073874 -0.373093 1.000000 -0.010951
0.0610000000 0.9665855087 -10.420792 -0.469989 1.000000 -0.010506
0.0710000000 1.0167553144 -11.601771 -0.555638 1.000000 -0.009302
0.0810000000 1.0624096524 -12.626687 -0.623732 1.000000 -0.007404
0.0910000000 1.1044450988 -13.504217 -0.668463 1.000000 -0.004868
0.1010000000 1.1435033978 -14.241987 -0.684426 1.000000 -0.001738
0.1110000000 1.1800615530 -14.846728 -0.666556 1.000000 0.001945
0.1210000000 1.2144849152 -15.324417 -0.610075 1.000000 0.006146
0.1310000000 1.2470602415 -15.680400 -0.510454 1.000000 0.010833
0.1410000000 1.2780172205 -15.919482 -0.363379 1.000000 0.015977
0.1510000000 1.3075430117 -16.046010 -0.164729 1.000000 0.021552
0.1610000000 1.3357923752 -16.063939 0.089447 1.000000 0.027531
0.1710000000 1.3628949164 -15.976881 0.402948 1.000000 0.033892
0.1810000000 1.3889603866 -15.788153 0.779435 1.000000 0.040613
0.1910000000 1.4140826396 -15.500811 1.222443 1.000000 0.047673
0.2010000000 1.4383426352 -15.117684 1.735392 1.000000 0.055051
0.2110000000 1.4618107565 -14.641395 2.321597 1.000000 0.062729
0.2210000000 1.4845486215 -14.074391 2.984278 1.000000 0.070689
0.2310000000 1.5066105172 -13.418954 3.726561 1.000000 0.078913
0.2410000000 1.5280445480 -12.677223 4.551492 1.000000 0.087385
0.2510000000 1.5488935645 -11.851204 5.462039 1.000000 0.096088
0.2610000000 1.5691959212 -10.942789 6.461097 1.000000 0.105007
0.2710000000 1.5889861011 -9.953756 7.551492 1.000000 0.114127
0.2810000000 1.6082952333 -8.885791 8.735987 1.000000 0.123434
0.2910000000 1.6271515259 -7.740487 10.017285 1.000000 0.132914
0.3010000000 1.6455806300 -6.519355 11.398032 1.000000 0.142554
0.3110000000 1.6636059481 -5.223832 12.880820 1.000000 0.152341
0.3210000000 1.6812488965 -3.855283 14.468191 1.000000 0.162263
0.3310000000 1.6985291297 -2.415010 16.162638 1.000000 0.172308
0.3410000000 1.7154647343 -0.904255 17.966608 1.000000 0.182465
0.3510000000 1.7320723956 0.675795 19.882506 1.000000 0.192723
0.3610000000 1.7483675425 2.324005 21.912693 1.000000 0.203071
0.3710000000 1.7643644746 4.039287 24.059491 1.000000 0.213500
0.3810000000 1.7800764722 5.820600 26.325185 1.000000 0.224000
0.3910000000 1.7955158943 7.666944 28.712024 1.000000 0.234561
0.4010000000 1.8106942635 9.577356 31.222221 1.000000 0.245175
0.4110000000 1.8256223424 11.550912 33.857955 1.000000 0.255833
0.4210000000 1.8403102009 13.586723 36.621375 1.000000 0.266527
0.4310000000 1.8547672756 15.683933 39.514597 1.000000 0.277250
0.4410000000 1.8690024240 17.841713 42.539710 1.000000 0.287994
0.4510000000 1.8830239716 20.059267 45.698771 1.000000 0.298752
0.4610000000 1.8968397551 22.335825 48.993813 1.000000 0.309517
0.4710000000 1.9104571614 24.670642 52.426841 1.000000 0.320284
0.4810000000 1.9238831617 27.062998 55.999833 1.000000 0.331045
0.4910000000 1.9371243435 29.512197 59.714745 1.000000 0.341795
0.5010000000 1.9501869387 32.017565 63.573507 1.000000 0.352528
0.5110000000 1.9630768498 34.578448 67.578026 1.000000 0.363240
0.5210000000 1.9757996731 37.194212 71.730188 1.000000 0.373925
0.5310000000 1.9883607204 39.864243 76.031856 1.000000 0.384579
0.5410000000 2.0007650383 42.587943 80.484873 1.000000 0.395198
0.5510000000 2.0130174259 45.364733 85.091060 1.000000 0.405776
0.5610000000 2.0251224519 48.194051 89.852221 1.000000 0.416311
0.5710000000 2.0370844685 51.075349 94.770137 1.000000 0.426798
0.5810000000 2.0489076263 54.008094 99.846574 1.000000 0.437234
0.5910000000 2.0605958861 56.991769 105.083278 1.000000 0.447616
0.6010000000 2.0721530313 60.025869 110.481978 1.000000 0.457941
0.6110000000 2.0835826779 63.109903 116.044385 1.000000 0.468206
0.6210000000 2.0948882855 66.243392 121.772193 1.000000 0.478408
0.6310000000 2.1060731653 69.425870 127.667082 1.000000 0.488544
0.6410000000 2.1171404897 72.656883 133.730715 1.000000 0.498613
0.6510000000 2.1280932997 75.935985 139.964738 1.000000 0.508613
0.6610000000 2.1389345122 79.262745 146.370784 1.000000 0.518540
0.6710000000 2.1496669273 82.636740 152.950470 1.000000 0.528394
0.6810000000 2.1602932341 86.057556 159.705401 1.000000 0.538173
0.6910000000 2.1708160169 89.524791 166.637164 1.000000 0.547875
0.7010000000 2.1812377610 93.038050 173.747337 1.000000 0.557499
0.7110000000 2.1915608573 96.596949 181.037481 1.000000 0.567043
0.7210000000 2.2017876077 100.201110 188.509146 1.000000 0.576507
0.7310000000 2.2119202290 103.850165 196.163867 1.000000 0.585890
0.7410000000 2.2219608579 107.543753 204.003171 1.000000 0.595190
0.7510000000 2.2319115543 111.281523 212.028568 1.000000 0.604406
0.7610000000 2.2417743053 115.063127 220.241559 1.000000 0.613538
0.7710000000 2.2515510287 118.888229 228.643632 1.000000 0.622586
0.7810000000 2.2612435762 122.756497 237.236264 1.000000 0.631549
0.7910000000 2.2708537366 126.667606 246.020921 1.000000 0.640426
0.8010000000 2.2803832386 130.621238 254.999059 1.000000 0.649216
0.8110000000 2.2898337537 134.617081 264.172121 1.000000 0.657921
0.8210000000 2.2992068986 138.654829 273.541541 1.000000 0.666539
0.8310000000 2.3085042375 142.734183 283.108743 1.000000 0.675071
0.8410000000 2.3177272848 146.854849 292.875141 1.000000 0.683516
0.8510000000 2.3268775072 151.016537 302.842137 1.000000 0.691874
0.8610000000 2.3359563253 155.218965 313.011126 1.000000 0.700145
0.8710000000 2.3449651160 159.461855 323.383491 1.000000 0.708330
0.8810000000 2.3539052144 163.744933 333.960609 1.000000 0.716429
0.8910000000 2.3627779150 168.067931 344.743844 1.000000 0.724441
0.9010000000 2.3715844739 172.430587 355.734554 1.000000 0.732368
0.9110000000 2.3803261101 176.832642 366.934086 1.000000 0.740209
0.9210000000 2.3890040072 181.273841 378.343780 1.000000 0.747965
0.9310000000 2.3976193144 185.753934 389.964966 1.000000 0.755635
0.9410000000 2.4061731482 190.272677 401.798967 1.000000 0.763221
0.9510000000 2.4146665937 194.829828 413.847098 1.000000 0.770724
0.9610000000 2.4231007054 199.425149 426.110663 1.000000 0.778142
0.9710000000 2.4314765090 204.058407 438.590962 1.000000 0.785478
0.9810000000 2.4397950018 208.729372 451.289285 1.000000 0.792731
0.9910000000 2.4480571543 213.437820 464.206913 1.000000 0.799902
