0.01099999982398003 0.6880512671117645 3.48208215689186 0.01889349806899797 1.6719910840438476e-06 0.002548673821521232
0.02099999960046262 0.8535329816996089 4.74942771036537 0.04679154298228787 4.46207473271995e-06 0.00334586688340092
0.0309999993769452 0.9718415636105264 5.69645877439695 0.08249616518716604 8.164017857851989e-06 0.004227627800849802
0.04099999915342778 1.0667569372045942 6.49961503854418 0.127584315945831 1.2916277903754669e-05 0.00532595752899168
0.05099999892991036 1.1472491801024849 7.23054215753026 0.184353731624664 1.8952709787264463e-05 0.006680072425852632
0.06099999870639294 1.2177974218032064 7.92627385682459 0.255336846786785 2.6540843369488466e-05 0.008302230087098763
0.07099999848287553 1.2809996877138614 8.60859328687114 0.343140381923575 3.595984135289847e-05 0.01019433257889229
0.08099999825935811 1.3385132449877313 9.29140011499773 0.450380248229782 4.749098653676261e-05 0.01235369365206613
0.09099999803584069 1.3914676446334622 9.98407343115913 0.579652381018326 6.141316456043169e-05 0.01477542790334915
0.100999997812323 1.4406713846600916 10.6932029152695 0.733519221344517 7.800062881760759e-05 0.01745355756192397
0.110999997588806 1.4867254130577556 11.4235602220262 0.91450366441581 9.752190399328026e-05 0.02038156535420454
0.120999997365288 1.5300900116620166 12.1786807184806 1.12508678463452 0.00012023929205990972 0.02355268531301887
0.130999997141771 1.5711264462581558 12.9612301270855 1.36770753560789 0.00014640870929385078 0.02696006107323558
0.140999996918254 1.610124084933618 13.7732453181825 1.64476349320232 0.00017627970882307055 0.03059683375841862
0.150999996694736 1.6473187160362328 14.6162979069023 1.95861213894847 0.00021009560730624795 0.0344561910651285
0.160999996471219 1.6829053096298057 15.4916086083854 2.31157240462645 0.0002480936687242079 0.03853139440429322
0.170999996247701 1.7170471449838935 16.4001291285942 2.70592632027437 0.0002905053175033262 0.04281579343284866
0.180999996024184 1.7498824888202362 17.3426020392788 3.14392067602812 0.00033755636432763797 0.04730283329463353
0.190999995800667 1.7815295792236554 18.3196053540431 3.62776864744839 0.00038946723462117536 0.0519860576692018
0.200999995577149 1.8120904104314033 19.3315862441417 4.15965135700657 0.00044645319370820776 0.05685910946169269
0.210999995353632 1.8416536517425577 20.3788868987704 4.7417193580507 0.0005087245651457929 0.06191573022757887
0.220999995130114 1.870296929905259 21.4617646078041 5.3760940356983 0.0005764869402763186 0.06714975898554244
0.230999994906597 1.8980886360421148 22.5804075315694 6.06486892391181 0.0006499413780235107 0.07255513080510026
0.240999994683079 1.9250893722689548 23.7349472076281 6.81011094080473 0.0007292845945683403 0.07812587539246775
0.250999994459562 1.9513531216893805 24.9254685589606 7.61386154578152 0.0008147091429231265 0.08385611579770755
0.260999994236045 1.9769282034785896 26.1520179677975 8.47813782290913 0.0009064035826556285 0.08974006730433176
0.270999994012527 2.001858059183543 27.4146098369249 9.40493349524436 0.0010045526401522397 0.0957720365246378
0.28099999378901 2.0261819051423364 28.713231957462 10.3962198748854 0.0011093373598846286 0.101946420701246
0.290999993565492 2.0499352777322106 30.0478499269313 11.4539467533919 0.0012209352471790813 0.108257707202004
0.300999993341975 2.073150492099208 31.4184108057942 12.5800432369978 0.0013395204029968254 0.114700473188157
0.310999993118457 2.095857030493448 32.8248461590012 13.7764185307747 0.0014652636512265567 0.121269385432176
0.32099999289494 2.118081872911052 34.2670745976308 15.0449626756113 0.0015983326589728694 0.127959200260569
0.330999992671423 2.139849780130561 35.7450039116918 16.3875472415875 0.0017388920503016965 0.134764763597316
0.340999992447905 2.1611835372185313 37.2585328666754 17.806025981034 0.0018871035138774085 0.141681011084806
0.350999992224388 2.182104164014329 38.8075527221095 19.3022354443003 0.002043125904899066 0.14870296826086
0.36099999200087 2.202631097878375 40.391948519149 20.8779955610028 0.0022071153417160985 0.155825750772325
0.370999991777353 2.2227823530205426 42.0116001754053 22.5351101892881 0.002379225297476759 0.16304456460781
0.380999991553836 2.242574659956004 43.6663834182174 24.2753676354342 0.0025596066871374137 0.170354706334051
0.390999991330318 2.2620235880202193 45.3561705819766 26.1005411459135 0.0027484079501364856 0.177751563322405
0.400999991106801 2.2811436533787637 47.080831290635 28.0123893738618 0.0029457751290141816 0.185230613953715
0.410999990883283 2.2999484145658404 48.8402330429068 30.0126568217357 0.0031518519442383375 0.192787427791532
0.420999990659766 2.318450557257995 50.6342417147371 32.1030742617895 0.0033667798654769036 0.200417665715184
0.430999990436248 2.336661969721164 52.4627219912125 34.2853591358696 0.0035906981795397843 0.208117080005646
0.440999990212731 2.3545938101484754 54.3255377381337 36.561215935901 0.0038237440551960617 0.21588151437841
0.450999989989214 2.372256566923353 56.222552321847 38.9323365663279 0.004066052605057197 0.223706903958725
0.460999989765696 2.389660112690703 58.1536288846058 41.4004006896732 0.004317756944703165 0.231589275195641
0.470999989542179 2.4068137529920994 60.1186305816132 43.967076056283 0.004578988249214926 0.239524745712182
0.480999989318661 2.423726270114599 62.117420784992 46.6340188192468 0.004849875807265447 0.247509524089829
0.490999989095144 2.440405962713422 64.1498632591371 49.4028738354008 0.005130547072910114 0.255539909586226
0.500999988871627 2.4568606816930654 66.2158223112742 52.275274953257 0.005421127715207561 0.263612291785659
0.510999988648109 2.473097862767409 68.3151629204929 55.2528452886361 0.005721741665792816 0.271723150182448
0.520999988424592 2.4891245560648176 70.4477508480722 58.3371974887243 0.006032511164516022 0.279869053697869
0.530999988201074 2.50494745309766 72.6134527315149 61.5299339852218 0.006353556803252361 0.288046660131681
0.540999987977557 2.520572911375879 74.8121361643878 64.8326472372037 0.006684997567981699 0.29625271554969
0.550999987754039 2.5360069769098876 77.0436697637753 68.2469199642676 0.007026950879229656 0.304484053609114
0.560999987530522 2.5512554048186575 79.3079232269151 71.774325370505 0.007379532630956085 0.312737594823781
0.570999987307005 2.5663236782332715 81.6047673783811 75.4164273597929 0.007742857227970902 0.321010345771421
0.580999987083487 2.581217025664188 83.9340742089972 79.1747807428726 0.008117037621952572 0.329299398245509
0.59099998685997 2.59594043698123 86.295716907517 83.050931436646 0.00850218534613921 0.337601928354255
0.600999986636452 2.6104986781385753 88.6895698859713 87.0464166560964 0.00889841054875835 0.345915195569477
0.610999986412935 2.6248963047624962 91.1155087994721 91.1627650992098 0.009305822025256979 0.354236541728167
0.620999986189418 2.6391376747067206 93.5734105611668 95.4014971252524 0.009724527249389908 0.362563389989631
0.6309999859659 2.653226959669178 96.0631533529435 99.7641249267327 0.010154632403220816 0.370893243751136
0.640999985742383 2.6671681559539775 98.5846166324238 104.252152695361 0.01059624240608727 0.379223685525011
0.650999985518865 2.680965094453794 101.137681136707 108.867076782296 0.011049460942577874 0.387552375780141
0.660999985295348 2.694621449920226 103.722228883281 113.610385852951 0.011514390489566782 0.3958770517508
0.67099998507183 2.708140749582822 106.338143168457 118.483561036618 0.011991132342348526 0.404195526215735
0.680999984848313 2.72152638117157 108.985308563648 123.488076071148 0.012479786639913237 0.412505686250353
0.690999984624796 2.7347816003922105 111.663610909782 128.625397442923 0.01298045238940093 0.420805491954857
0.700999984401278 2.7479095378990657 114.372937310081 133.896984522315 0.013493227489769279 0.42909297516105
0.710999984177761 2.760913205805816 117.113176121441 139.304289694863 0.01401820875471152 0.437366238120531
0.720999983954243 2.773795503770856 119.8842169446 144.848758488322 0.014555491934853032 0.44562345217687
0.730999983730726 2.7865592246905644 122.685950613266 150.531829695797 0.015105171739260554 0.453862856424294
0.740999983507209 2.799207060030699 125.518269182358 156.354935495109 0.01566734185629026 0.462082756355344
0.750999983283691 2.8117416048235055 128.381065915496 162.319501564564 0.016242094973803294 0.470281522499836
0.760999983060174 2.824165362355647 131.274235271851 168.426947195272 0.016829522798774168 0.478457589057388
0.770999982836656 2.83648074856986 134.197672892473 174.678685400161 0.01742971607631648 0.486609452525691
0.780999982613139 2.8486900962013273 137.151275586178 181.076123019824 0.01804276460814983 0.494735670326574
0.790999982389621 2.8607956586678944 140.13494131508 187.620660825321 0.0186687572705291 0.502834859431842
0.800999982166104 2.8727996137317318 143.148569179851 194.313693618065 0.01930778203165784 0.510905694990747
0.810999981942587 2.884704066948511 146.192059404751 201.156610326907 0.01995992596860595 0.518946908960882
0.820999981719069 2.896511054918909 149.26531332251 208.150794102525 0.020625275283749803 0.526957288744147
0.830999981495552 2.908222548356027 152.368233359094 215.297622409226 0.021303915320753642 0.534935675829392
0.840999981272034 2.919840454981204 155.500723018408 222.598467114258 0.021995930580109166 0.542880964443197
0.850999981048517 2.931366622259783 158.662686866969 230.054694574732 0.022701404734250384 0.550792100210195
0.860999980825 2.9428028399874098 161.854030518594 237.667665722231 0.02342042064225789 0.558668078824229
0.870999980601482 2.954150842736688 165.074660619119 245.438736145209 0.024153060364169587 0.566507944731539
0.880999980377965 2.9654123121732368 168.324484831185 253.369256169243 0.02489940517491003 0.57431078982713
0.890999980154447 2.9765888792495088 171.603411819113 261.460570935236 0.02565953557785402 0.582075752165323
0.90099997993093 2.987682126284135 174.91135123388 269.714020475623 0.02643353131803559 0.589802014685467
0.910999979707412 2.998693588933948 178.248213698232 278.13093978867 0.027221471395016034 0.597488803953672
0.920999979483895 3.0096247580653595 181.61391079192 286.712658910921 0.028023434075422668 0.605135388921374
0.930999979260378 3.0204770815312334 185.0083550371 295.460502987865 0.028839496905169397 0.612741079701439
0.94099997903686 3.0312519658590196 188.431459883902 304.375792342877 0.029669736721369577 0.620305226362475
0.950999978813343 3.041950777855451 191.883139696152 313.459842544499 0.030514229663953 0.627827217741928
0.960999978589825 3.0525748461327584 195.363309737297 322.713964472117 0.031373051186995536 0.635306480278488
0.970999978366308 3.063125462561037 198.871886156502 332.139464380076 0.032246276069771165 0.642742476864253
0.98099997814279 3.0736038836510273 202.408785974949 341.737643960309 0.03313397842753709 0.650134705717061
0.990999977919273 3.084011331871354 205.973927072331 351.509800403495 0.034036231722057664 0.657482699273323
