0.01099999982398003 0.6880512671117645 2.98510120606527 0.01311298740269913 1.2037586971147914e-06 0.001466975625504098
0.02099999960046262 0.8535329816996089 3.79266727862112 0.02750820172144537 2.7299514145464653e-06 0.001647929226640266
0.0309999993769452 0.9718415636105264 4.32968946873402 0.04583131168029515 4.7209704458983035e-06 0.002335198589338864
0.04099999915342778 1.0667569372045942 4.78124841214365 0.07358041176542594 7.74483757186296e-06 0.003649359376333869
0.05099999892991036 1.1472491801024849 5.22171807176338 0.116846827170471 1.246694591549959e-05 0.005614112581636617
0.06099999870639294 1.2177974218032064 5.68890318588907 0.181823146746104 1.9571035370558258e-05 0.008226174053827336
0.07099999848287553 1.2809996877138614 6.20454769783897 0.27465468272515 2.9732270778462226e-05 0.01147240701832665
0.08099999825935811 1.3385132449877313 6.78213970146362 0.40138773562579 4.3606781121641526e-05 0.01533554883175
0.09099999803584069 1.3914676446334622 7.43046904060775 0.567952379602141 6.182763838097879e-05 0.01979647414157891
0.100999997812323 1.4406713846600916 8.15545373404322 0.780159121117905 8.500366256803128e-05 0.02483518795635374
0.110999997588806 1.4867254130577556 8.96116093515528 1.04370142854415 0.00011371954381883189 0.03043129399538094
0.120999997365288 1.5300900116620166 9.85041545814168 1.36416071051487 0.0001485365879451646 0.03656422853493076
0.130999997141771 1.5711264462581558 10.8251811398522 1.74701218752241 0.00018999374557794778 0.04321338402788893
0.140999996918254 1.610124084933618 11.8868096674873 2.19763092767801 0.0002386087514455545 0.05035817945049094
0.150999996694736 1.6473187160362328 13.0362083886702 2.72129770557603 0.0002948792834480605 0.05797810473871325
0.160999996471219 1.6829053096298057 14.2739566461263 3.32320453275701 0.000359284094584151 0.06605275285079086
0.170999996247701 1.7170471449838935 15.6003883270825 4.00845980297924 0.00043228409417137497 0.07456184622449993
0.180999996024184 1.7498824888202362 17.0156516152065 4.78209304300659 0.0005143233676569525 0.08348526096962579
0.190999995800667 1.7815295792236554 18.5197529874184 5.64905928291153 0.0006058301314433253 0.09280305035977522
0.200999995577149 1.8120904104314033 20.1125900935938 6.6142430705435 0.0007072176230790016 0.102495468258188
0.210999995353632 1.8416536517425577 21.7939766472868 7.68246215882238 0.0008188849292696391 0.11254299262897
0.220999995130114 1.870296929905259 23.5636614820233 8.85847089506854 0.0009412177552194213 0.122926349042019
0.230999994906597 1.8980886360421148 25.4213432851044 10.1469633403928 0.0010745891392615885 0.133626533967546
0.240999994683079 1.9250893722689548 27.3666820877607 11.5525761451736 0.0012193601168375935 0.14462483761523
0.250999994459562 1.9513531216893805 29.3993082930987 13.0798912043522 0.0013758803377895451 0.155902866070878
0.260999994236045 1.9769282034785896 31.518829815584 14.7334381139455 0.0015444886407306577 0.167442562501645
0.270999994012527 2.001858059183543 33.7248377585281 16.5176964479543 0.0017255135880081182 0.179226227228902
0.28099999378901 2.0261819051423364 36.0169109501319 18.4370978727898 0.001919273964503403 0.191236536499982
0.290999993565492 2.0499352777322106 38.3946195815172 20.4960281144784 0.002126079243245366 0.203456559822739
0.300999993341975 2.073150492099208 40.8575281333413 22.6988287922423 0.0023462300205526867 0.215869775758506
0.310999993118457 2.095857030493448 43.4051977352637 25.0497991305721 0.0025800184231788135 0.228460086098464
0.32099999289494 2.118081872911052 46.037188070699 27.5531975605967 0.002827728489707522 0.241211828375263
0.330999992671423 2.139849780130561 48.7530589151152 30.2132432204005 0.0030896365282413554 0.254109786685762
0.340999992447905 2.1611835372185313 51.5523713776367 33.0341173629209 0.003366011452238223 0.267139200821985
0.350999992224388 2.182104164014329 54.4346889014301 36.0199646791554 0.003657115096181362 0.28028577372585
0.36099999200087 2.202631097878375 57.3995780672494 39.1748945436205 0.0039632025126153415 0.293535677299156
0.370999991777353 2.2227823530205426 60.4466092358279 42.5029821883014 0.004284522251942491 0.306875556613784
0.380999991553836 2.242574659956004 63.5753570579632 46.0082698107138 0.0046213166262498405 0.320292532578366
0.390999991330318 2.2620235880202193 66.7854008757092 49.6947676211515 0.004973821958324879 0.333774203126847
0.400999991106801 2.2811436533787637 70.0763250337738 53.5664548337094 0.005342268816917687 0.347308643001799
0.410999990883283 2.2999484145658404 73.4477191167503 57.6272806052375 0.00572688223921596 0.360884402210944
0.420999990659766 2.318450557257995 76.8991781250253 61.8811649260004 0.00612788194141791 0.374490503239614
0.430999990436248 2.336661969721164 80.4303025999495 66.3319994654729 0.006545482518213752 0.388116437104621
0.440999990212731 2.3545938101484754 84.040698707023 70.9836483763985 0.006979893631920174 0.401752158336718
0.450999989989214 2.372256566923353 87.7299782843515 75.8399490599613 0.007431320191951283 0.41538807897939
0.460999989765696 2.389660112690703 91.4977588624092 80.9047128946819 0.007899962525255454 0.429015061691405
0.470999989542179 2.4068137529920994 95.3436636601314 86.1817259314206 0.008386016538297271 0.442624412039474
0.480999989318661 2.423726270114599 99.2673215615347 91.6747495566804 0.008889673871119268 0.456207870065551
0.490999989095144 2.440405962713422 103.268367076375 97.3875211262197 0.009411122043977057 0.469757601211029
0.500999988871627 2.4568606816930654 107.346440287782 103.323754570823 0.009950544597003962 0.483266186677234
0.510999988648109 2.473097862767409 111.501186789335 109.487140975936 0.010508121223327825 0.496726613298481
0.520999988424592 2.4891245560648176 115.732257613652 115.881349136735 0.011084027896031114 0.510132263000451
0.530999988201074 2.50494745309766 120.039309154231 122.510026090085 0.011678436989317547 0.523476901912979
0.540999987977557 2.520572911375879 124.422003082006 129.376797624728 0.01229151739422227 0.53675466920247
0.550999987754039 2.5360069769098876 128.880006257838 136.485268770945 0.012923434629178953 0.549960065685203
0.560999987530522 2.5512554048186575 133.412990641991 143.83902427085 0.013574350945735572 0.563087942278775
0.570999987307005 2.5663236782332715 138.020633201447 151.441629030384 0.014244425429690316 0.576133488344922
0.580999987083487 2.581217025664188 142.702615815784 159.296628554006 0.014933814097901035 0.58909221997296
0.59099998685997 2.59594043698123 147.458625182246 167.407549363007 0.01564266999100397 0.601959968249155
0.600999986636452 2.6104986781385753 152.288352720499 175.777899398316 0.016371143262263174 0.614732867553529
0.610999986412935 2.6248963047624962 157.191494477497 184.411168408599 0.017119381262756507 0.627407343921829
0.620999986189418 2.6391376747067206 162.167751032824 193.3108283244 0.017887528623090496 0.639980103506848
0.6309999859659 2.653226959669178 167.216827404792 202.480333619045 0.01867572733182664 0.65244812116981
0.640999985742383 2.6671681559539775 172.338432957544 211.92312165694 0.01948411681078574 0.664808629229231
0.650999985518865 2.680965094453794 177.532281309353 221.642613029906 0.020312833987391515 0.677059106391573
0.660999985295348 2.694621449920226 182.798090242273 231.642211882114 0.021162013364201163 0.689197266885025
0.67099998507183 2.708140749582822 188.135581613285 241.925306224165 0.022031787085762602 0.701221049814967
0.680999984848313 2.72152638117157 193.544481267009 252.495268236822 0.02292228500293047 0.713128608757063
0.690999984624796 2.7347816003922105 199.024518950094 263.355454564889 0.023833634734764866 0.724918301601512
0.700999984401278 2.7479095378990657 204.575428227312 274.509206601658 0.024765961728127558 0.736588680659678
0.710999984177761 2.760913205805816 210.196946399419 285.95985076438 0.02571938931508739 0.748138483042278
0.720999983954243 2.773795503770856 215.888814422794 297.710698761134 0.026694038768236165 0.759566621316325
0.730999983730726 2.7865592246905644 221.650776830886 309.765047849492 0.02769002935401406 0.770872174446277
0.740999983507209 2.799207060030699 227.482581657461 322.126181087314 0.028707478384134424 0.78205437902321
0.750999983283691 2.8117416048235055 233.383980361656 334.797367576034 0.029746501265197036 0.793112620784353
0.760999983060174 2.824165362355647 239.354727754816 347.781862696733 0.0308072115465699 0.804046426423992
0.770999982836656 2.83648074856986 245.394581929125 361.082908339309 0.03188972096661691 0.814855455695526
0.780999982613139 2.8486900962013273 251.50330418797 374.703733125036 0.03299413949734689 0.825539493803398
0.790999982389621 2.8607956586678944 257.680658978058 388.647552622758 0.034120575387549285 0.836098444082631
0.800999982166104 2.8727996137317318 263.926413823217 402.917569559006 0.03526913520448668 0.846532320962875
0.810999981942587 2.884704066948511 270.240339259888 417.51697402225 0.03643992387420198 0.856841243213063
0.820999981719069 2.896511054918909 276.62220877424 432.448943661536 0.03763304472050239 0.867025427462191
0.830999981495552 2.908222548356027 283.071798740904 447.716643879716 0.03884859950267383 0.877085181991084
0.840999981272034 2.919840454981204 289.588888363273 463.323228021478 0.04008668845197941 0.887020900789581
0.850999981048517 2.931366622259783 296.17325961534 479.271837556388 0.041347410306993175 0.896833057873137
0.860999980825 2.9428028399874098 302.824697185028 495.565602257108 0.04263086234781509 0.906522201852477
0.870999980601482 2.954150842736688 309.542988418993 512.207640372988 0.043937140429213685 0.916088950749692
0.880999980377965 2.9654123121732368 316.327923268842 529.20105879919 0.04526633901273927 0.92553398705391
0.890999980154447 2.9765888792495088 323.179294238747 546.54895324152 0.04661855119784881 0.934858053009519
0.90099997993093 2.987682126284135 330.096896334405 564.254408377101 0.047993868752080684 0.9440619461298
0.910999979707412 2.998693588933948 337.080527013318 582.320498011057 0.04939238214031755 0.95314651492872
0.920999979483895 3.0096247580653595 344.129986136352 600.750285229334 0.05081418055317176 0.962112654863629
0.930999979260378 3.0204770815312334 351.245075920536 619.546822547797 0.05225935193452744 0.970961304481557
0.94099997903686 3.0312519658590196 358.42560089308 638.71315205773 0.05372798300827083 0.979693441761871
0.950999978813343 3.041950777855451 365.671367846561 658.252305567869 0.05522015930424063 0.988310080648047
0.960999978589825 3.0525748461327584 372.982185795257 678.167304743068 0.05673596518342546 0.996812267761443
0.970999978366308 3.063125462561037 380.357865932587 698.461161239732 0.058275483862438825 1.00520107929001
0.98099997814279 3.0736038836510273 387.798221589633 719.136876838105 0.059838797437295824 1.01347761804497
0.990999977919273 3.084011331871354 395.30306819471 740.197443571524 0.06142598690651816 1.02164301067874
