0.01099999982398003 0.6880512671117645 2.64791039933668 0.01370877159825204 1.2911499711280783e-06 0.00195348122369369
0.02099999960046262 0.8535329816996089 3.6075300275888 0.03742844156318378 3.743925231483211e-06 0.003125366256091772
0.0309999993769452 0.9718415636105264 4.40723767870618 0.07366250673445973 7.570221167636702e-06 0.004599856719817379
0.04099999915342778 1.0667569372045942 5.16013522955106 0.125294904889674 1.3073655338795798e-05 0.006365956134763143
0.05099999892991036 1.1472491801024849 5.90626110594581 0.195001663821076 2.054085450829648e-05 0.008394710454698483
0.06099999870639294 1.2177974218032064 6.66363597102997 0.285207642612759 3.023107089842365e-05 0.01065910667342194
0.07099999848287553 1.2809996877138614 7.44136605825963 0.398117930818386 4.237826307948054e-05 0.01313602901701919
0.08099999825935811 1.3385132449877313 8.2443199180521 0.535753138436483 5.719472276458913e-05 0.01580585864373286
0.09099999803584069 1.3914676446334622 9.0751367000479 0.699979057270546 7.487440954741797e-05 0.0186518121600142
0.100999997812323 1.4406713846600916 9.93519942637627 0.892530359018092 9.559571858742139e-05 0.02165936747201761
0.110999997588806 1.4867254130577556 10.825148839203 1.11502943395101 0.00011952372479659168 0.02481581481734096
0.120999997365288 1.5300900116620166 11.7451725071569 1.36900148214054 0.00014681200069992448 0.02810991341481051
0.130999997141771 1.5711264462581558 12.695175603152 1.65588674058234 0.0001776040985529746 0.03153162855984136
0.140999996918254 1.610124084933618 13.6748856873986 1.97705050917757 0.00021203476965986326 0.0350719284528684
0.150999996694736 1.6473187160362328 14.6839189426415 2.33379146720583 0.00025023097716174935 0.03872262531684151
0.160999996471219 1.6829053096298057 15.7218230276728 2.7273486461389 0.00029231274522243647 0.04247624959800925
0.170999996247701 1.7170471449838935 16.7881052989285 3.15890733358068 0.0003383938773967679 0.04632594914778585
0.180999996024184 1.7498824888202362 17.8822516345836 3.62960411708751 0.00038858256938245275 0.05026540749282998
0.190999995800667 1.7815295792236554 19.0037390904521 4.14053122835825 0.00044298193569260603 0.05428877686518806
0.200999995577149 1.8120904104314033 20.1520444332444 4.69274031262892 0.0005016904655382429 0.05839062277759615
0.210999995353632 1.8416536517425577 21.3266498767361 5.28724572146241 0.0005648024199994131 0.06256587772802548
0.220999995130114 1.870296929905259 22.5270468969393 5.92502740698333 0.0006324081801160444 0.06680980219713037
0.230999994906597 1.8980886360421148 23.7527387153098 6.60703348020996 0.000704594553646121 0.0711179515273863
0.240999994683079 1.9250893722689548 25.0032418519505 7.33418248423772 0.0007814450467762726 0.07548614758807722
0.250999994459562 1.9513531216893805 26.2780870266677 8.10736542374136 0.0008630401059238593 0.07991045436680193
0.260999994236045 1.9769282034785896 27.5768196020754 8.92744758494432 0.0009494573338639392 0.08438715680741066
0.270999994012527 2.001858059183543 28.8989997057585 9.79527017438493 0.001040771683692842 0.08891274235148114
0.28099999378901 2.0261819051423364 30.2442021289014 10.711651800143 0.001137055633560524 0.09348388474644978
0.290999993565492 2.0499352777322106 31.6120160710729 11.6773898154201 0.0012383793446350466 0.09809742976615747
0.300999993341975 2.073150492099208 33.0020447812495 12.6932615412983 0.0013448108043807125 0.102750382554535
0.310999993118457 2.095857030493448 34.4139051311777 13.7600253829846 0.0014564159569180513 0.107439896354628
0.32099999289494 2.118081872911052 35.8472271471196 14.8784218517748 0.001573258821975753 0.112163262426263
0.330999992671423 2.139849780130561 37.3016535187564 16.0491745032458 0.0016954016037299755 0.116917900988658
0.340999992447905 2.1611835372185313 38.7768390987253 17.2729908007491 0.0018229047906478117 0.121701353051061
0.350999992224388 2.182104164014329 40.2724504024017 18.5505629120683 0.001955827247301278 0.126511273016208
0.36099999200087 2.202631097878375 41.7881651146982 19.8825684460891 0.0020942262989921017 0.131345421959241
0.370999991777353 2.2227823530205426 43.323671608568 21.2696711354623 0.002238157809919941 0.136201661499431
0.380999991553836 2.242574659956004 44.8786684783652 22.7125214705101 0.0023876762555359882 0.141077948194146
0.390999991330318 2.2620235880202193 46.4528640900852 24.2117572889923 0.0025428347896455433 0.145972328394678
0.400999991106801 2.2811436533787637 48.0459761496821 25.768004325814 0.0027036853067568187 0.150882933511965
0.410999990883283 2.2999484145658404 49.6577312900563 27.3818767262874 0.002870278500115306 0.155807975647336
0.420999990659766 2.318450557257995 51.2878646768613 29.053977526159 0.0030426639158135857 0.160745743549434
0.430999990436248 2.336661969721164 52.9361196329714 30.7848991012638 0.003220890003323188 0.165694598863502
0.440999990212731 2.3545938101484754 54.6022472812239 32.5752235893639 0.003405004162757834 0.170652972643539
0.450999989989214 2.372256566923353 56.2860062049003 34.4255232864599 0.0035950527891441906 0.175619362101543
0.460999989765696 2.389660112690703 57.9871621253047 36.3363610196348 0.0037910813139482888 0.180592327571137
0.470999989542179 2.4068137529920994 59.7054875957399 38.3082904982796 0.003993134244079899 0.18557048966567
0.480999989318661 2.423726270114599 61.4407617111433 40.3418566453731 0.00420125519857552 0.190552526613127
0.490999989095144 2.440405962713422 63.1927698326291 42.4375959103251 0.004415486943140784 0.195537171752268
0.500999988871627 2.4568606816930654 64.9613033261897 44.5960365647522 0.004635871422715854 0.200523211176128
0.510999988648109 2.473097862767409 66.7461593148142 46.8176989824288 0.004862449792212106 0.205509481510527
0.520999988424592 2.4891245560648176 68.5471404433091 49.1030959045438 0.0050952624455546285 0.210494867816603
0.530999988201074 2.50494745309766 70.3640546551239 51.4527326912927 0.005334349043152938 0.215478301607487
0.540999987977557 2.520572911375879 72.1967149805162 53.8671075607453 0.005579748537911416 0.220458758970294
0.550999987754039 2.5360069769098876 74.0449393354234 56.3467118158499 0.005831499199881321 0.225435258785485
0.560999987530522 2.5512554048186575 75.908550330432 58.8920300603608 0.0060896386396474015 0.230406861036436
0.570999987307005 2.5663236782332715 77.7873750892752 61.5035404044116 0.006354203830534234 0.235372665202754
0.580999987083487 2.581217025664188 79.6812450763144 64.1817146603998 0.006625231129710657 0.240331808731479
0.59099998685997 2.59594043698123 81.5899959324949 66.9270185297916 0.006902756298263801 0.245283465580875
0.600999986636452 2.6104986781385753 83.5134673192914 69.7399117814127 0.007186814520309053 0.250226844831986
0.610999986412935 2.6248963047624962 85.4515027701914 72.6208484217417 0.0074774404211964225 0.255161189363557
0.620999986189418 2.6391376747067206 87.4039495492888 75.5702768576883 0.007774668084869628 0.260085774586319
0.6309999859659 2.653226959669178 89.3706585165865 78.5886400523009 0.008078531070429728 0.264999907232969
0.640999985742383 2.6671681559539775 91.3514839996322 81.6763756738125 0.008389062427950896 0.2699029242005
0.650999985518865 2.680965094453794 93.3462836711303 84.8339162384103 0.008706294713593118 0.274794191441775
0.660999985295348 2.694621449920226 95.3549184322039 88.0616892470792 0.00903026000405237 0.279673102903544
0.67099998507183 2.708140749582822 97.3772523009886 91.3601173168535 0.009360989910387023 0.284539079508268
0.680999984848313 2.72152638117157 99.4131523062692 94.7296183067782 0.009698515591255294 0.289391568177353
0.690999984624796 2.7347816003922105 101.462488385885 98.170605438871 0.01004286776559722 0.294230040893577
0.700999984401278 2.7479095378990657 103.525133289642 101.683487414346 0.01039407672479138 0.299053993800625
0.710999984177761 2.760913205805816 105.600962486497 105.268668525351 0.010752172344315103 0.303862946337849
0.720999983954243 2.773795503770856 107.689854075777 108.926548762455 0.011117184094935444 0.308656440408449
0.730999983730726 2.7865592246905644 109.791688702229 112.657523918089 0.011489141053454204 0.313434039579448
0.740999983507209 2.799207060030699 111.906349474694 116.461985686163 0.011868071913032317 0.318195328311901
0.750999983283691 2.8117416048235055 114.03372188822 120.340321758033 0.0122540049931136 0.322939911219908
0.760999983060174 2.824165362355647 116.173693749434 124.292915915011 0.012646968248969758 0.327667412357091
0.770999982836656 2.83648074856986 118.326155105006 128.320148117571 0.01304698928088413 0.332377474529265
0.780999982613139 2.8486900962013273 120.490998173055 132.42239459142 0.013454095342993263 0.337069758632141
0.790999982389621 2.8607956586678944 122.668117277338 136.600027910584 0.013868313351803318 0.341743943012932
0.800999982166104 2.8727996137317318 124.85740878409 140.853417077635 0.014289669894395736 0.346399722854841
0.810999981942587 2.884704066948511 127.058771041386 145.182927601205 0.014718191236338416 0.351036809583436
0.820999981719069 2.896511054918909 129.272104320896 149.5889215709 0.01515390332931529 0.355654930293999
0.830999981495552 2.908222548356027 131.497310761919 154.071757729741 0.015596831818488597 0.360253827198972
0.840999981272034 2.919840454981204 133.734294317582 158.631791544233 0.016047002049605193 0.364833257094673
0.850999981048517 2.931366622259783 135.982960703118 163.269375272169 0.016504439075858753 0.36939299084652
0.860999980825 2.9428028399874098 138.243217346092 167.984858028272 0.016969167664519794 0.373932812891997
0.870999980601482 2.954150842736688 140.51497333852 172.778585847761 0.017441212303342613 0.378452520760692
0.880999980377965 2.9654123121732368 142.798139390764 177.650901747934 0.017920597206760033 0.38295192461073
0.890999980154447 2.9765888792495088 145.092627787139 182.602145787849 0.018407346321874605 0.387430846780963
0.90099997993093 2.987682126284135 147.398352343147 187.632655126182 0.01890148333425526 0.391889121358337
0.910999979707412 2.998693588933948 149.715228364258 192.742764077337 0.019403031673547812 0.396326593759849
0.920999979483895 3.0096247580653595 152.043172606186 197.932804165882 0.019912014518907183 0.400743120328566
0.930999979260378 3.0204770815312334 154.38210323657 203.203104179376 0.020428454804259023 0.405138567943165
0.94099997903686 3.0312519658590196 156.73193979802 208.553990219644 0.020952375223396668 0.409512813640536
0.950999978813343 3.041950777855451 159.092603172452 213.985785752577 0.021483798234922094 0.413865744250937
0.960999978589825 3.0525748461327584 161.464015546664 219.498811656499 0.022022746067035526 0.418197256045275
0.970999978366308 3.063125462561037 163.8461003791 225.093386269169 0.022569240722180958 0.422507254394081
0.98099997814279 3.0736038836510273 166.238782367744 230.769825433453 0.023123303981551914 0.426795653437757
0.990999977919273 3.084011331871354 168.641987419104 236.528442541739 0.023684957409464906 0.4310623757677
