0.01099999982398003 0.6880512671117645 3.95472707198996 0.02184915342321578 1.869572339106668e-06 0.00290290713764712
0.02099999960046262 0.8535329816996089 5.40384041208748 0.0527048313527035 4.895050389962649e-06 0.003595114023512744
0.0309999993769452 0.9718415636105264 6.45493599187154 0.0901418165768873 8.730397667280412e-06 0.004339177164245396
0.04099999915342778 1.0667569372045942 7.32099667801715 0.135837449043083 1.3505284372705909e-05 0.005342996418776306
0.05099999892991036 1.1472491801024849 8.09161424937121 0.192677810297709 1.950379237552624e-05 0.006679781700834295
0.06099999870639294 1.2177974218032064 8.81445310759753 0.264025624243951 2.7075195488366418e-05 0.008380009510712019
0.07099999848287553 1.2809996877138614 9.51827762500767 0.353456076286623 3.659861097577727e-05 0.01045617415318126
0.08099999825935811 1.3385132449877313 10.2218859293801 0.464638817648628 4.846610711212838e-05 0.01291191452201649
0.09099999803584069 1.3914676446334622 10.9382571575666 0.601278618158671 6.307373716886489e-05 0.01574603263070124
0.100999997812323 1.4406713846600916 11.6767190093785 0.767083278854837 8.081646880489956e-05 0.01895448227503664
0.110999997588806 1.4867254130577556 12.4441811326263 0.965745519075561 0.000102085208825608 0.02253143948676416
0.120999997365288 1.5300900116620166 13.2458835223044 1.20093254237284 0.00012726502993117277 0.02646991712335784
0.130999997141771 1.5711264462581558 14.085874114675 1.47628004162074 0.0001567341203567746 0.03076213667547691
0.140999996918254 1.610124084933618 14.967326212616 1.79538886842738 0.000190863183815459 0.03539976349320548
0.150999996694736 1.6473187160362328 15.8927566474407 2.16182334557699 0.00023001512727050758 0.04037406173127994
0.160999996471219 1.6829053096298057 16.8641799930377 2.57911061147074 0.0002745449360261775 0.04567600038227669
0.170999996247701 1.7170471449838935 17.883220215686 3.050740619336 0.0003247996720557554 0.05129632860306852
0.180999996024184 1.7498824888202362 18.9511931900981 3.58016655236519 0.00038111855369858623 0.0572256312629504
0.190999995800667 1.7815295792236554 20.069168786712 4.17080550049895 0.00044383308882197406 0.06345437146052496
0.200999995577149 1.8120904104314033 21.2380183285552 4.82603929762425 0.0005132672425527989 0.06997292427345583
0.210999995353632 1.8416536517425577 22.4584513734307 5.54921545200959 0.0005897376266254757 0.07677160448854767
0.220999995130114 1.870296929905259 23.7310445778394 6.34364812507481 0.0006735537013863784 0.0838406901104753
0.230999994906597 1.8980886360421148 25.0562645998722 7.21261912839965 0.00076501798422244 0.09117044284099489
0.240999994683079 1.9250893722689548 26.4344864545028 8.15937891884997 0.0008644262600704008 0.09875112632598076
0.250999994459562 1.9513531216893805 27.8660083576616 9.18714757849259 0.000972067790986244 0.106573022707164
0.260999994236045 1.9769282034785896 29.3510638295595 10.2991157706337 0.0010882255226900327 0.114626447841357
0.270999994012527 2.001858059183543 30.8898316372823 11.498445666537 0.0012131762866681942 0.122901765432457
0.28099999378901 2.0261819051423364 32.4824440183479 12.7882718396109 0.0013471909968933034 0.13138940024173
0.290999993565492 2.0499352777322106 34.1289935251412 14.1717021254011 0.0014905348405652543 0.140079850487464
0.300999993341975 2.073150492099208 35.8295387543655 15.651818446794 0.0016434674625255509 0.148963699508004
0.310999993118457 2.095857030493448 37.584109168616 17.231677604572 0.0018062431431751713 0.15803162673702
0.32099999289494 2.118081872911052 39.3927091738102 18.9143120339542 0.001979110969854289 0.167274418023042
0.330999992671423 2.139849780130561 41.2553215829354 20.7027305280874 0.002162315001733747 0.176682975314126
0.340999992447905 2.1611835372185313 43.171910570795 22.5999189296563 0.0023560944283321397 0.186248325721569
0.350999992224388 2.182104164014329 45.1424242043294 24.6088407919087 0.002560683721817026 0.195961629972288
0.36099999200087 2.202631097878375 47.1667966172648 26.7324380104526 0.0027763127832783323 0.205814190257328
0.370999991777353 2.2227823530205426 49.244949885314 28.973631427202 0.0030032070831807725 0.215797457483044
0.380999991553836 2.242574659956004 51.3767956481591 31.335321407843 0.003241587796213336 0.225903037931595
0.390999991330318 2.2620235880202193 53.5622365164313 33.8203883941592 0.0034916719307585544 0.236122699338077
0.400999991106801 2.2811436533787637 55.8011672954238 36.4316934325173 0.0037536724532054666 0.246448376392684
0.410999990883283 2.2999484145658404 58.0934760520262 39.1720786797596 0.004027798407327484 0.256872175677604
0.420999990659766 2.318450557257995 60.4390450470775 42.0443678876981 0.004314255028942341 0.26738638004976
0.430999990436248 2.336661969721164 62.8377515518164 45.0513668673434 0.004613243856064906 0.277983452481939
0.440999990212731 2.3545938101484754 65.2894685642125 48.1958639339458 0.004924962834757007 0.288656039376254
0.450999989989214 2.372256566923353 67.7940654385651 51.4806303338657 0.005249606420870477 0.29939697336519
0.460999989765696 2.389660112690703 70.3514084397524 54.9084206542338 0.00558736567787181 0.310199275616698
0.470999989542179 2.4068137529920994 72.9613612318638 58.4819732163071 0.0059384283709285465 0.321056157660867
0.480999989318661 2.423726270114599 75.6237853095409 62.2040104533729 0.006302979057429304 0.33196102275665
0.490999989095144 2.440405962713422 78.3385403791839 66.0772392740043 0.006681199174101506 0.342907466817898
0.500999988871627 2.4568606816930654 81.1054846961938 70.1043514114204 0.0070732671208825855 0.353889278918631
0.510999988648109 2.473097862767409 83.9244753635759 74.2880237596631 0.00747935834169325 0.364900441397925
0.520999988424592 2.4891245560648176 86.7953685965223 78.6309186972559 0.007899645402253607 0.375935129585212
0.530999988201074 2.50494745309766 89.718019956981 83.1356843989729 0.00833429806507608 0.386987711166993
0.540999987977557 2.520572911375879 92.692284561706 87.8049551363093 0.008783483361762361 0.398052745216056
0.550999987754039 2.5360069769098876 95.7180172668265 92.6413515672057 0.009247365662724815 0.409124980904313
0.560999987530522 2.5512554048186575 98.7950728316075 97.6474810155515 0.009726106744447151 0.420199355920226
0.570999987307005 2.5663236782332715 101.923306063728 102.825937740956 0.010219865854392768 0.431270994611587
0.580999987083487 2.581217025664188 105.10257194813 108.179303199253 0.010728799773664274 0.442335205874102
0.59099998685997 2.59594043698123 108.332725761244 113.710146294169 0.011253062877511414 0.45338748080586
0.600999986636452 2.6104986781385753 111.613623172173 119.421023620576 0.011792807193781564 0.46442349014729
0.610999986412935 2.6248963047624962 114.945120332243 125.314479699706 0.012348182459399927 0.475439081525722
0.620999986189418 2.6391376747067206 118.327073954165 131.393047206691 0.01291933617496309 0.486430276523071
0.6309999859659 2.653226959669178 121.759341381899 137.659247190793 0.013506413657527657 0.497393267584562
0.640999985742383 2.6671681559539775 125.241780652201 144.115589288616 0.014109558091666316 0.508324414785765
0.650999985518865 2.680965094453794 128.774250548719 150.764571930647 0.014728910578867022 0.519220242474528
0.660999985295348 2.694621449920226 132.356610649414 157.608682541376 0.015364610185339809 0.530077435803684
0.67099998507183 2.708140749582822 135.988721367983 164.650397733304 0.01601679398829966 0.540892837169685
0.680999984848313 2.72152638117157 139.670443989905 171.892183495082 0.016685597120785583 0.551663442571609
0.690999984624796 2.7347816003922105 143.40164070366 179.336495374027 0.017371152815074713 0.562386397904208
0.700999984401278 2.7479095378990657 147.182174627602 186.985778653255 0.018073592444748356 0.573058995197964
0.710999984177761 2.760913205805816 151.011909832934 194.842468523649 0.018793045565462893 0.583678668818349
0.720999983954243 2.773795503770856 154.890711363172 202.908990250872 0.0195296399544766 0.59424299163578
0.730999983730726 2.7865592246905644 158.81844525046 211.187759337619 0.020283501648980184 0.604749671177026
0.740999983507209 2.799207060030699 162.794978529035 219.681181681312 0.02105475498327914 0.615196545768126
0.750999983283691 2.8117416048235055 166.820179246149 228.391653727397 0.0218435226248696 0.625581580678168
0.760999983060174 2.824165362355647 170.893916470694 237.321562618429 0.022649925609451425 0.635902864272631
0.770999982836656 2.83648074856986 175.016060299757 246.473286339102 0.023474083374918246 0.646158604184313
0.780999982613139 2.8486900962013273 179.186481863318 255.849193857376 0.024316113794362604 0.656347123509255
0.790999982389621 2.8607956586678944 183.405053327287 265.451645261854 0.02517613320813302 0.666466857034433
0.800999982166104 2.8727996137317318 187.671647895027 275.28299189554 0.0260542564549778 0.676516347503447
0.810999981942587 2.884704066948511 191.98613980755 285.345576486119 0.026950596902308787 0.686494241925824
0.820999981719069 2.896511054918909 196.348404342485 295.641733272886 0.0278652664756181 0.696399287935044
0.830999981495552 2.908222548356027 200.75831781198 306.173788130436 0.028798375687076556 0.706230330199881
0.840999981272034 2.919840454981204 205.215757559627 316.944058689243 0.029750033663344735 0.715986306893151
0.850999981048517 2.931366622259783 209.72060195652 327.954854453225 0.03072034817262337 0.725666246221514
0.860999980825 2.9428028399874098 214.272730396547 339.208476914419 0.03170942565097114 0.735269263019522
0.870999980601482 2.954150842736688 218.872023290983 350.707219664841 0.03271737122791372 0.744794555410696
0.880999980377965 2.9654123121732368 223.51836206248 362.453368505653 0.033744288751370484 0.754241401538039
0.890999980154447 2.9765888792495088 228.211629138507 374.449201553711 0.03479028081192094 0.76360915636601
0.90099997993093 2.987682126284135 232.951707944312 386.696989345587 0.03585544876643394 0.772897248555654
0.910999979707412 2.998693588933948 237.73848289546 399.19899493916 0.03693989276108214 0.782105177414248
0.920999979483895 3.0096247580653595 242.571839390005 411.957474012835 0.03804371175376015 0.791232509920552
0.930999979260378 3.0204770815312334 247.451663800324 424.974674962484 0.03916700353592864 0.800278877826451
0.94099997903686 3.0312519658590196 252.37784346468 438.252838996182 0.040309864753902254 0.809243974835528
0.950999978813343 3.041950777855451 257.350266678543 451.794200226803 0.041472390929599805 0.818127553858884
0.960999978589825 3.0525748461327584 262.368822685692 465.600985762539 0.04265467648077358 0.82692942434828
0.970999978366308 3.063125462561037 267.433401669148 479.675415795428 0.04385681474073675 0.83564944970649
0.98099997814279 3.0736038836510273 272.54389474196 494.019703687926 0.04507889797760187 0.844287544774578
0.990999977919273 3.084011331871354 277.700193937865 508.636056057608 0.04632101741304937 0.852843673395625
