0.01099999982398003 0.6880512671117645 3.19388772023896 0.01655384907175473 1.4961631175743084e-06 0.002203954231506666
0.02099999960046262 0.8535329816996089 4.30183510754325 0.04102944835690181 3.985503743001313e-06 0.00299827204034081
0.0309999993769452 0.9718415636105264 5.14022325133889 0.07395341234619233 7.437467791135872e-06 0.004010782018203427
0.04099999915342778 1.0667569372045942 5.8708329204892 0.117918650175691 1.2106926741134126e-05 0.005326036205720886
0.05099999892991036 1.1472491801024849 6.55721141109714 0.175912981665212 1.8308596769424338e-05 0.006957589375640943
0.06099999870639294 1.2177974218032064 7.23115131926873 0.250968376875994 2.636784338193745e-05 0.008901266981139026
0.07099999848287553 1.2809996877138614 7.91072998357798 0.346064657633971 3.6605611937399746e-05 0.01114740303811837
0.08099999825935811 1.3385132449877313 8.60707201227085 0.464100401547394 4.933320776315176e-05 0.01368465207599224
0.09099999803584069 1.3914676446334622 9.32739252541737 0.60788617792501 6.485061448149667e-05 0.0165013627191456
0.100999997812323 1.4406713846600916 10.076542012177 0.780145983203075 8.344623046437543e-05 0.01958610182271152
0.110999997588806 1.4867254130577556 10.857861193166 0.983521695936472 0.00010539719765576162 0.02292784805251681
0.120999997365288 1.5300900116620166 11.673685862797 1.22057847918059 0.00013096997001540577 0.02651604858771602
0.130999997141771 1.5711264462581558 12.525660592566 1.49381026752737 0.00016042096233562792 0.03034061805143299
0.140999996918254 1.610124084933618 13.4149418037247 1.80564498387654 0.0001939972058300449 0.03439191395881548
0.150999996694736 1.6473187160362328 14.3423337142159 2.15844935451445 0.00023193697694423056 0.03866070405461372
0.160999996471219 1.6829053096298057 15.3083819347996 2.55453329140713 0.0002744703852466063 0.04313813247433603
0.170999996247701 1.7170471449838935 16.3134394526058 2.99615385503858 0.0003218199158251629 0.04781568775454067
0.180999996024184 1.7498824888202362 17.357714099518 3.48551882940792 0.00037420092630912965 0.05268517386903401
0.190999995800667 1.7815295792236554 18.4413033015569 4.02478994672066 0.00043182210085048833 0.05773868459181915
0.200999995577149 1.8120904104314033 19.5642199049322 4.61608579945857 0.0004948858643384408 0.0629685810835148
0.210999995353632 1.8416536517425577 20.7264116248433 5.26148447510684 0.0005635887603995789 0.06836747242596036
0.220999995130114 1.870296929905259 21.9277758615093 5.96302594543499 0.000638121796683188 0.07392819877192564
0.230999994906597 1.8980886360421148 23.1681711014321 6.72271423863914 0.0007186707607186381 0.07964381677407822
0.240999994683079 1.9250893722689548 24.4474257687567 7.54251941921616 0.000805416509352867 0.08550758697962735
0.250999994459562 1.9513531216893805 25.7653451502265 8.42437939730701 0.0008985352344797098 0.09151296290914397
0.260999994236045 1.9769282034785896 27.121716849418 9.37020158646477 0.0009981987074843528 0.09765358157237955
0.270999994012527 2.001858059183543 28.5163151074587 10.3818644263701 0.001104574504557689 0.103923255206833
0.28099999378901 2.0261819051423364 29.9489042425947 11.461218784906 0.001217826214791521 0.110315964054797
0.290999993565492 2.0499352777322106 31.4192413994464 12.6100892521829 0.0013381136327477242 0.116825850021117
0.300999993341975 2.073150492099208 32.9270787536326 13.8302753375319 0.0014655929370010975 0.123447211076978
0.310999993118457 2.095857030493448 34.4721652839478 15.1235525791365 0.001600416855985996 0.130174496294844
0.32099999289494 2.118081872911052 36.0542481991748 16.4916735748016 0.0017427348223267912 0.137002301416745
0.330999992671423 2.139849780130561 37.6730740876311 17.9363689413568 0.0018926931167015813 0.143925364872542
0.340999992447905 2.1611835372185313 39.3283898430682 19.4593482093198 0.0020504350021735202 0.150938564177229
0.350999992224388 2.182104164014329 41.0199434094078 21.0623006586912 0.002216100849823271 0.15803691264685
0.36099999200087 2.202631097878375 42.7474843781753 22.7468961010992 0.002389828256427782 0.165215556381565
0.370999991777353 2.2227823530205426 44.5107644657611 24.5147856129409 0.002571752154852677 0.172469771472119
0.380999991553836 2.242574659956004 46.3095378923622 26.3676022236725 0.0027620049177573647 0.179794961392456
0.390999991330318 2.2620235880202193 48.1435616802826 28.3069615629623 0.0029607164551513094 0.187186654546857
0.400999991106801 2.2811436533787637 50.0125958859566 30.3344624700418 0.0031680143062869605 0.194640501944747
0.410999990883283 2.2999484145658404 51.9164037774163 32.4516875682523 0.0033840237263273614 0.202152274980449
0.420999990659766 2.318450557257995 53.8547519667963 34.6602038074906 0.003608867768184948 0.209717863298657
0.430999990436248 2.336661969721164 55.8274105057614 36.9615629769948 0.003842667359890666 0.217333272729466
0.440999990212731 2.3545938101484754 57.8341529503519 39.3573021906798 0.0040855413778196036 0.224994623279365
0.450999989989214 2.372256566923353 59.8747564006155 41.8489443470267 0.004337606716069748 0.232698147166866
0.460999989765696 2.389660112690703 61.949001519475 44.4379985653481 0.004598978352264276 0.240440186893355
0.470999989542179 2.4068137529920994 64.0566725345224 47.1259606000868 0.0048697694100240645 0.248217193341413
0.480999989318661 2.423726270114599 66.1975572258175 49.9143132346611 0.005150091218335973 0.256025723894275
0.490999989095144 2.440405962713422 68.3714469022489 52.8045266562379 0.005440053368023477 0.263862440571341
0.500999988871627 2.4568606816930654 70.5781363685982 55.7980588126997 0.005739763765509169 0.271724108175672
0.510999988648109 2.473097862767409 72.8174238850945 58.8963557529639 0.006049328684043039 0.279607592450337
0.520999988424592 2.4891245560648176 75.0891111209558 62.1008519517196 0.0063688528125566655 0.287509858241228
0.530999988201074 2.50494745309766 77.3930031031688 65.4129706195612 0.006698439302290788 0.295427967664622
0.540999987977557 2.520572911375879 79.7289081615557 68.8341239994204 0.007038189811332298 0.303359078278337
0.550999987754039 2.5360069769098876 82.0966378710091 72.3657136501283 0.007388204547186248 0.311300441255787
0.560999987530522 2.5512554048186575 84.4960069916259 76.0091307178754 0.007748582307499198 0.319249399562645
0.570999987307005 2.5663236782332715 86.9268334073608 79.7657561962805 0.008119420519041442 0.327203386136158
0.580999987083487 2.581217025664188 89.3889380637097 83.6369611757257 0.00850081527504798 0.335159922067431
0.59099998685997 2.59594043698123 91.8821449048545 87.6241070825678 0.008892861371010885 0.343116614787217
0.600999986636452 2.6104986781385753 94.4062808106261 91.7285459087915 0.009295652339009072 0.351071156255943
0.610999986412935 2.6248963047624962 96.9611755335798 95.951620432632 0.009709280480655811 0.359021321158839
0.620999986189418 2.6391376747067206 99.5466616364311 100.294664430655 0.010133836898738365 0.366964965107147
0.6309999859659 2.653226959669178 102.162574430051 104.759002881751 0.010569411527619522 0.374900022846487
0.640999985742383 2.6671681559539775 104.808751912187 109.34595216347 0.011016093162465978 0.382824506473491
0.650999985518865 2.680965094453794 107.485034707044 114.056820241092 0.01147396948736414 0.39073650366188
0.660999985295348 2.694621449920226 110.191266005822 118.892906849803 0.01194312710238012 0.398634175899158
0.67099998507183 2.708140749582822 112.92729150832 123.855503670332 0.012423651549617554 0.406515756735123
0.680999984848313 2.72152638117157 115.692959365637 128.945894498359 0.012915627338322072 0.41437955004336
0.690999984624796 2.7347816003922105 118.488120124053 134.16535540801 0.013419137969079764 0.422223928296895
0.700999984401278 2.7479095378990657 121.312626670103 139.515154909728 0.013934265957154194 0.430047330859131
0.710999984177761 2.760913205805816 124.166334176881 144.99655410277 0.01446109285500115 0.437848262291151
0.720999983954243 2.773795503770856 127.049100051585 150.610806822604 0.014999699274002097 0.445625290676476
0.730999983730726 2.7865592246905644 129.960783884309 156.359159783424 0.01555016490545095 0.453377045964236
0.740999983507209 2.799207060030699 132.901247398088 162.242852716023 0.016112568540830007 0.461102218331745
0.750999983283691 2.8117416048235055 135.87035440018 168.263118501219 0.01668698809140616 0.468799556567359
0.760999983060174 2.824165362355647 138.867970734591 174.421183299039 0.017273500607178315 0.476467866474457
0.770999982836656 2.83648074856986 141.893964235816 180.718266673853 0.017872182295205364 0.484106009297333
0.780999982613139 2.8486900962013273 144.948204683778 187.155581715625 0.018483108537341354 0.491712900169716
0.790999982389621 2.8607956586678944 148.030563759962 193.734335157448 0.019106353907402895 0.499287506586578
0.800999982166104 2.8727996137317318 151.140915004706 200.455727489533 0.019741992187794984 0.506828846899832
0.810999981942587 2.884704066948511 154.27913377563 207.320953069782 0.020390096385616095 0.514335988838467
0.820999981719069 2.896511054918909 157.445097207182 214.331200231107 0.021050738748266393 0.521808048053588
0.830999981495552 2.908222548356027 160.638684171282 221.487651385606 0.02172399077857739 0.529244186688801
0.840999981272034 2.919840454981204 163.859775239012 228.791483125745 0.02240992324948525 0.536643611976305
0.850999981048517 2.931366622259783 167.10825264337 236.243866322649 0.023108606218263834 0.544005574859006
0.860999980825 2.9428028399874098 170.384000243009 243.845966221631 0.02382010904033753 0.551329368638909
0.870999980601482 2.954150842736688 173.686903486984 251.598942535045 0.024544500382687573 0.558614327652013
0.880999980377965 2.9654123121732368 177.016849380442 259.503949532599 0.025281848236871598 0.565859825969854
0.890999980154447 2.9765888792495088 180.373726451254 267.562136129192 0.026032219931667905 0.573065276127821
0.90099997993093 2.987682126284135 183.757424717547 275.774645970388 0.026795682145360995 0.580230127880315
0.910999979707412 2.998693588933948 187.167835656123 284.142617515618 0.027572300917682042 0.58735386698277
0.920999979483895 3.0096247580653595 190.604852171726 292.667184119173 0.02836214166141569 0.594436014000541
0.930999979260378 3.0204770815312334 194.068368567148 301.3494741091 0.02916526917368812 0.601476123144585
0.94099997903686 3.0312519658590196 197.558280514132 310.190610864044 0.02998174764694555 0.608473781133877
0.950999978813343 3.041950777855451 201.074485025066 319.191712888137 0.030811640679636716 0.615428606084408
0.960999978589825 3.0525748461327584 204.616880425427 328.353893883991 0.03165501128660922 0.622340246424649
0.970999978366308 3.063125462561037 208.185366326974 337.678262823857 0.032511921909229156 0.62920837983727
0.98099997814279 3.0736038836510273 211.779843601637 347.165924019026 0.03338243442523581 0.636032712226926
0.990999977919273 3.084011331871354 215.400214356118 356.817977187523 0.03426661015833889 0.642812976713865
