0.01099999982398003 0.5461192704992855 -1.71809286206228 -0.02478972831595096 -2.9458084538941e-06 -0.004768615376450185
0.02099999960046262 0.6774652291093796 -3.71289421852561 -0.08474486673225157 -1.0111226591172402e-05 -0.007875452495345133
0.0309999993769452 0.7713689824128381 -5.54792839490422 -0.167885630985146 -2.0100460367865707e-05 -0.009841758365382581
0.04099999915342778 0.8467051049723502 -7.20733623095722 -0.264403487597412 -3.174837865602824e-05 -0.01084167575208198
0.05099999892991036 0.9105933166121188 -8.69641010659619 -0.365887787347367 -4.403954867391222e-05 -0.01098674620036934
0.06099999870639294 0.9665887869123675 -10.0237054181298 -0.464864060853023 -5.6060400436552605e-05 -0.0103562628351118
0.07099999848287553 1.0167536176493512 -11.1977347467274 -0.554537010494212 -6.697365967660189e-05 -0.009010894903264094
0.08099999825935811 1.0624032130262646 -12.2262535554125 -0.628631651065011 -7.600324667979761e-05 -0.006999599848276443
0.09099999803584069 1.104434118987167 -13.1161667558108 -0.681287411265741 -8.242469020412741e-05 -0.004363501422252674
0.100999997812323 1.1434880556537999 -13.8735962820614 -0.706983519276269 -8.555870966984104e-05 -0.001138234064227909
0.110999997588806 1.180042006782561 -14.503982781274 -0.700484167983529 -8.476673507532978e-05 0.002644558077995713
0.120999997365288 1.2144613067493562 -15.0121844632073 -0.656796860413593 -7.944766745458619e-05 0.00695622042608082
0.130999997141771 1.2470326990230876 -15.4025633585712 -0.571139911882732 -6.903546037182547e-05 0.01177039703737736
0.140999996918254 1.277985860513565 -15.6790578261319 -0.438916533059826 -5.299725774190781e-05 0.0170625407313965
0.150999996694736 1.3075079408805075 -15.8452427253838 -0.255693777584163 -3.083191448417718e-05 0.02280955839809668
0.160999996471219 1.3357536915415837 -15.9043792325068 -0.01718517173322809 -2.068782805637977e-06 0.02898954989370466
0.170999996247701 1.362852710333235 -15.8594561802785 0.280763811934012 3.373331698248465e-05 0.03558161332837375
0.180999996024184 1.3889147421608488 -15.7132245238708 0.642188045517248 7.698699826803335e-05 0.04256569842234848
0.190999995800667 1.4140336348228584 -15.4682262392326 1.07101325260072 0.00012807712337923834 0.04992249525931451
0.200999995577149 1.438290343069449 -15.1268187009889 1.57106507187823 0.00018736156165989926 0.05763334947232999
0.210999995353632 1.461755245396007 -14.6911953733856 2.14607693933265 0.0002551719116156389 0.0656801973918694
0.220999995130114 1.4844899556169266 -14.1634034776073 2.79969699288344 0.0003318142024344126 0.07404551640260165
0.230999994906597 1.506548757056391 -13.5453591647724 3.53549416043153 0.0004175695858018981 0.08271228696220481
0.240999994683079 1.5279797507569668 -12.838860618807 4.3569635598021 0.0005126950256550834 0.09166396359947056
0.250999994459562 1.5488257841263509 -12.0455994309667 5.26753131428567 0.0006174239910429618 0.100884452838107
0.260999994236045 1.5691252090054184 -11.1671705229286 6.27055886827387 0.0007319671553821478 0.110358096457988
0.270999994012527 1.5889125057694982 -10.2050808441453 7.3693468724488 0.0008565131039602225 0.120069658854738
0.28099999378901 1.6082188011659364 -9.16075702848712 8.5671386960866 0.0009912290504445669 0.130004317523943
0.290999993565492 1.6270723010877273 -8.03555216272046 9.8671236145321 0.001136261562322125 0.1401476559005
0.300999993341975 1.6454986546758963 -6.83075179330678 11.2724397122444 0.0012917372945686447 0.150485657942479
0.310999993118457 1.6635212625485332 -5.54757927695557 12.7861765355918 0.001457763730380887 0.161004703973758
0.32099999289494 1.6811615392375259 -4.1872005632744 14.4113775244854 0.0016344299274694948 0.171691567398673
0.330999992671423 1.6984391378399035 -2.75072848390994 16.1510422477427 0.0018218072681771013 0.182533411981151
0.340999992447905 1.7153721432928226 -1.23922661111769 18.0081284635947 0.0020199502115365833 0.19351778944452
0.350999992224388 1.731977239439318 0.34628726074391 19.9855540238423 0.002228897045300789 0.204632637199905
0.36099999200087 1.7482698540790336 2.00483796513422 22.0861986377342 0.002448670635945902 0.215866276053168
0.370999991777353 1.7642642854301758 3.73549010552973 24.3129055095737 0.002679279174663159 0.22720740777481
0.380999991553836 1.7799738128182505 5.53734545622193 26.6684828623257 0.0029207169174020548 0.23864511244547
0.390999991330318 1.7954107939185227 7.40954059262778 29.1557053580005 0.0031729649171017473 0.250168845512876
0.400999991106801 1.810586750485449 9.35124472589568 31.7773154243218 0.003435991746342892 0.261768434515158
0.410999990883283 1.8255124441834036 11.3616577198732 34.5360244960925 0.003709754208763038 0.273434075441153
0.420999990659766 1.8401979438731701 13.4400082712967 37.4345141787244 0.003994198037700595 0.285156328711119
0.430999990436248 1.8546526854956893 15.5855522364461 40.4754373405841 0.004289258580662833 0.296926114771824
0.440999990212731 1.8688855255193413 17.7975710895488 43.6614191400904 0.0045948614683475174 0.308734709308437
0.450999989989214 1.8829047887719086 20.0753704999797 46.9950579928841 0.004910923267085329 0.320573738082512
0.460999989765696 1.896718311357897 22.4182790168128 50.4789264838416 0.005237352113706513 0.332435171410803
0.470999989542179 1.9103334792611981 24.8256468505944 54.1155722282317 0.005574048331970974 0.344311318303865
0.480999989318661 1.923757263148723 27.2968447433478 57.9075186858907 0.005920905029832644 0.356194820286674
0.490999989095144 1.9369962498196711 29.8312629188082 61.8572659319228 0.006277808676936982 0.368078644925877
0.500999988871627 1.9500566706850453 32.4283101057483 65.9672913871025 0.006644639661872774 0.379956079089953
0.510999988648109 1.9629444276112236 35.0874126280212 70.2400505108637 0.007021272828815771 0.391820721969637
0.520999988424592 1.9756651164180865 37.8080135556012 74.6779774595015 0.00740757799331181 0.403666477886542
0.530999988201074 1.9882240482852338 40.589571911494 79.283485711981 0.0078034204370499355 0.415487548917994
0.540999987977557 2.0006262692882393 43.4315619299015 84.0589686655372 0.008208661381571745 0.427278427365941
0.550999987754039 2.0128765782596227 46.3334723614812 89.0068002030689 0.008623158440951992 0.43903388809723
0.560999987530522 2.02497954314588 49.2948058219448 94.1293352341592 0.009046766053566453 0.450748980781833
0.570999987307005 2.036939516011588 52.3150781805974 99.4289102114049 0.009479335893137002 0.462419022054645
0.580999987083487 2.0487606468241317 55.3938179857387 104.907843623606 0.009920717259310968 0.474039587625409
0.59099998685997 2.060446896137321 58.5305659241326 110.568436467235 0.010370757448090956 0.485606504360099
0.600999986636452 2.0720020467788944 61.7248743120007 116.412972697508 0.010829302102485528 0.497115842355818
0.610999986412935 2.083429714635365 64.9763066152296 122.443719660269 0.011296195543797002 0.508563907029935
0.620999986189418 2.094733358617445 68.2844369966754 128.662928505801 0.011771281084002683 0.519947231242787
0.6309999859659 2.105916289880478 71.648849888647 135.072834585628 0.01225440131972308 0.531262567471875
0.640999985742383 2.1169816803664245 75.0691395887928 141.675657833238 0.012745398408295673 0.542506880054126
0.650999985518865 2.127932570727069 78.5449098777851 148.473603129661 0.013244114326502122 0.553677337511353
0.660999985295348 2.138771877682077 82.0757736573152 155.468860654697 0.0137503911125108 0.56477130497273
0.67099998507183 2.1495024008600816 85.6613526070409 162.663606224601 0.014264071091616327 0.57578633670677
0.680999984848313 2.160126829166282 89.3012768592333 170.060001616917 0.014784997086364413 0.586720168773994
0.690999984624796 2.170647746715742 92.995184689972 177.66019488316 0.015313012611661082 0.597570711810257
0.700999984401278 2.1810676383678556 96.7427222258257 185.466320649962 0.015847962055466697 0.608336043949525
0.710999984177761 2.1913888948940725 100.543543165038 193.48050040926 0.016389690845675743 0.619014403893751
0.720999983954243 2.2016138178079623 104.397308512315 201.704842798098 0.016938045603783574 0.629604184136438
0.730999983730726 2.211744623884068 108.30368632637 210.141443868539 0.017492874285933952 0.640103924345477
0.740999983507209 2.221783449389533 112.26235147946 218.792387348175 0.018054026311935742 0.650512304909887
0.750999983283691 2.231732354050407 116.272985428184 227.65974489169 0.018621352682828437 0.660828140654201
0.760999983060174 2.241593324772536 120.335275994889 236.745576323895 0.01919470608756509 0.671050374723426
0.770999982836656 2.2513682791352467 124.448917159043 246.051929874645 0.01977394099937032 0.6811780726407
0.780999982613139 2.26105906867446 128.613608858028 255.580842405997 0.02035891376231618 0.691210416539121
0.790999982389621 2.2706674819704293 132.829056796789 265.334339631981 0.020949482668646685 0.701146699568494
0.800999982166104 2.280195247554072 137.094972265859 275.314436331299 0.021545508027364532 0.710986320477205
0.810999981942587 2.289644036644644 141.411071967279 285.523136553287 0.02214685222457996 0.72072877836885
0.820999981719069 2.299015465730524 145.777077847997 295.96243381741 0.022753379776102554 0.730373667632748
0.830999981495552 2.308311099003876 150.192716940325 306.634311306596 0.023364957372743456 0.739920673047037
0.840999981272034 2.3175324506591153 154.657721209076 317.540742054658 0.02398145391877562 0.749369565052637
0.850999981048517 2.326680987064336 159.171827405041 328.683689128055 0.024602740563983674 0.758720195195977
0.860999980825 2.3357581288141063 163.734776924456 340.065105802237 0.02522869072971818 0.76797249173813
0.870999980601482 2.3447652526714235 168.346315674156 351.686935732785 0.025859180129350737 0.777126455427616
0.880999980377965 2.3537036934060134 173.006193942132 363.551113121575 0.026494086783510427 0.786182155433993
0.890999980154447 2.3625747455356048 177.714166273195 375.659562878147 0.02713329103046401 0.795139725439055
0.90099997993093 2.3713796649763457 182.469991349525 388.014200776493 0.027776675531986806 0.803999359882319
0.910999979707412 2.3801196706080323 187.273431875825 400.616933607423 0.028424125275053534 0.812761310357314
0.920999979483895 2.3887959457594605 192.124254468884 413.469659326697 0.029075527569663338 0.821425882155066
0.930999979260378 2.3974096396187625 197.022229551319 426.574267199079 0.0297307720430969 0.829993430951041
0.94099997903686 2.4059618685733075 201.967131249299 439.93263793847 0.030389750630888532 0.838464359631767
0.950999978813343 2.4144537174833847 206.958737294065 453.546643844272 0.03105235756478135 0.846839115257266
0.960999978589825 2.4228862408935847 211.996828927062 467.418148934117 0.03171848935791874 0.85511818615539
0.970999978366308 2.4312604641855726 217.081190808521 481.549009073098 0.03238804478751183 0.863302099144134
0.98099997814279 2.4395773846756277 222.211610929323 495.941072099634 0.03306092487520955 0.871391416878
0.990999977919273 2.447837972660157 227.38788052601 510.596177948087 0.0337370328653838 0.879386735314457
