0.01099999982398003 0.5461192704992855 -1.71712639955214 -0.02533147554861366 -3.0103407107259016e-06 -0.004886305623322322
0.02099999960046262 0.6774652291093796 -3.7568999948349 -0.0866182368160662 -1.0336223951644119e-05 -0.00802964080649672
0.0309999993769452 0.7713689824128381 -5.62978323860339 -0.171046465725842 -2.0482955039836668e-05 -0.009957517974631203
0.04099999915342778 0.8467051049723502 -7.31699405131237 -0.268234890983361 -3.221550738498756e-05 -0.0108681739217178
0.05099999892991036 0.9105933166121188 -8.82412161385829 -0.369394422762791 -4.447108447428304e-05 -0.01089022440446781
0.06099999870639294 0.9665887869123675 -10.1606814716712 -0.466808897319209 -5.630525766168983e-05 -0.01011558803413923
0.07099999848287553 1.0167536176493512 -11.3362521748432 -0.553542115783007 -6.686255092855822e-05 -0.008614693104443922
0.08099999825935811 1.0624032130262646 -12.359609420726 -0.623255535403878 -7.535875259965059e-05 -0.006444293592755532
0.09099999803584069 1.104434118987167 -13.2385923877695 -0.670086265859759 -8.106947528313833e-05 -0.003651890622745519
0.100999997812323 1.1434880556537999 -13.980166029601 -0.688560907370539 -8.33223345538136e-05 -0.0002784219612191166
0.110999997588806 1.180042006782561 -14.5905287252685 -0.673532143709408 -8.14913575910557e-05 0.003640008896898874
0.120999997365288 1.2144613067493562 -15.0752201911406 -0.620130541722689 -7.499283138930442e-05 0.00807097213609045
0.130999997141771 1.2470326990230876 -15.4392170060743 -0.523726936994866 -6.328211365859696e-05 0.01298490549829274
0.140999996918254 1.277985860513565 -15.6870136018398 -0.379902438878121 -4.58511050451185e-05 0.01835453870245878
0.150999996694736 1.3075079408805075 -15.8226898720776 -0.18442407347408 -2.2226185022966912e-05 0.02415447309692644
0.160999996471219 1.3357536915415837 -15.8499673875858 0.06677530297908874 8.033522088331867e-06 0.03036086889615973
0.170999996247701 1.362852710333235 -15.7722562034528 0.377613790873152 4.5337643389292875e-05 0.03695120880439269
0.180999996024184 1.3889147421608488 -15.5926939879259 0.751874639667683 9.006588110321335e-05 0.04390411699120567
0.190999995800667 1.4140336348228584 -15.3141789029828 1.19321836963696 0.0001425692103143494 0.0511992188710494
0.200999995577149 1.438290343069449 -14.9393973925626 1.70519321872739 0.00020317098440765567 0.05881703139980916
0.210999995353632 1.461755245396007 -14.4708478047796 2.29124421856319 0.0002721679726822173 0.06673887647198365
0.220999995130114 1.4844899556169266 -13.9108605889786 2.95472113652663 0.00034983134796283145 0.0749468119796394
0.230999994906597 1.506548757056391 -13.2616156611602 3.69888547093343 0.000436407637159744 0.08342357648437287
0.240999994683079 1.5279797507569668 -12.5251574150091 4.52691664865215 0.0005321196441113591 0.09215254444845034
0.250999994459562 1.5488257841263509 -11.7034077640802 5.44191754569291 0.0006371673513400548 0.101117689695157
0.260999994236045 1.5691252090054184 -10.7981775282763 6.44691942896573 0.0007517288053155444 0.110303555302928
0.270999994012527 1.5889125057694982 -9.81117642034481 7.54488639992139 0.000875960988282948 0.119695228537913
0.28099999378901 1.6082188011659364 -8.74402184241417 8.73871940694963 0.0010100006785517812 0.129278319732815
0.290999993565492 1.6270723010877273 -7.59824666600141 10.0312598823546 0.0011539653002681483 0.139038944252136
0.300999993341975 1.6454986546758963 -6.37530613949169 11.4252930508203 0.0013079537630398205 0.148963706863812
0.310999993118457 1.6635212625485332 -5.07658404327592 12.9235509490424 0.0014720472913028137 0.15903968797767
0.32099999289494 1.6811615392375259 -3.70339819336486 14.5287151902829 0.0016463102429713798 0.169254431321833
0.330999992671423 1.6984391378399035 -2.2570053784652 16.2434195027208 0.0018307909166711707 0.179595932715918
0.340999992447905 1.7153721432928226 -0.738605802487297 18.0702520664295 0.002025522346696727 0.190052629670012
0.350999992224388 1.731977239439318 0.850652906297075 20.0117576704296 0.00223052308473968 0.200613391594614
0.36099999200087 1.7482698540790336 2.50967206714967 22.0704397084346 0.0024457979673909325 0.211267510452134
0.370999991777353 1.7642642854301758 4.23739865495612 24.2487620295136 0.002671338868416061 0.222004691717212
0.380999991553836 1.7799738128182505 6.03282230588901 26.5491506578695 0.0029071254348300513 0.232815045542896
0.390999991330318 1.7954107939185227 7.89497258726204 28.9739953942018 0.0031531258058472168 0.243689078053939
0.400999991106801 1.810586750485449 9.8229165026219 31.5256513096458 0.0034092973138494225 0.254617682708094
0.410999990883283 1.8255124441834036 11.8157562068823 34.206440142011 0.0036755871665954446 0.2655921316823
0.420999990659766 1.8401979438731701 13.8726269095007 37.0186516029415 0.003951933109982013 0.276604067253586
0.430999990436248 1.8546526854956893 15.9926949464299 39.9645446036779 0.004238264070760926 0.287645493154979
0.440999990212731 1.8688855255193413 18.1751560039207 43.0463484062685 0.0045345007787119815 0.298708765895127
0.450999989989214 1.8829047887719086 20.4192334792655 46.266263706364 0.004840556367868462 0.30978658603704
0.460999989765696 1.896718311357897 22.7241769653127 49.626463653095 0.005156336956486748 0.320871989436689
0.470999989542179 1.9103334792611981 25.0892608470875 53.1290948109842 0.0054817422055449365 0.331958338446278
0.480999989318661 1.923757263148723 27.5137830001635 56.7762780683524 0.005816665855643881 0.343039313090229
0.490999989095144 1.9369962498196711 29.9970635815653 60.5701094962545 0.006160996242269727 0.354108902224223
0.500999988871627 1.9500566706850453 32.5384439049806 64.5126611615957 0.006514616789456213 0.365161394689353
0.510999988648109 1.9629444276112236 35.1372853929279 68.6059818977442 0.006877406481960055 0.376191370474577
0.520999988424592 1.9756651164180865 37.7929685992919 72.8520980356546 0.007249240316131379 0.387193691901311
0.530999988201074 1.9882240482852338 40.5048922963118 77.2530140982499 0.007629989729724463 0.398163494844364
0.540999987977557 2.0006262692882393 43.2724726206977 81.8107134605677 0.008019523010951156 0.409096180003355
0.550999987754039 2.0128765782596227 46.0951422740812 86.5271589779661 0.00841770568713115 0.419987404238576
0.560999987530522 2.02497954314588 48.9723497734631 91.4042935844874 0.008824400893338823 0.430833071984788
0.570999987307005 2.036939516011588 51.9035587477412 96.4440408633086 0.009239469721486891 0.441629326755878
0.580999987083487 2.0487606468241317 54.8882472767638 101.648305591048 0.009662771550322016 0.452372542752606
0.59099998685997 2.060446896137321 57.9259072696835 107.018974257558 0.010094164356837389 0.463059316584885
0.600999986636452 2.0720020467788944 61.01604387968 112.557915562712 0.010533505009632979 0.473686459119179
0.610999986412935 2.083429714635365 64.1581749523774 118.26698089156 0.010980649544773296 0.484250987460772
0.620999986189418 2.094733358617445 67.351830505523 124.148004769144 0.011435453424710506 0.494750117079683
0.6309999859659 2.105916289880478 70.5965522377005 130.202805296167 0.011897771780852991 0.505181254088182
0.640999985742383 2.1169816803664245 73.8918930640425 136.433184566586 0.012367459640365378 0.515541987676885
0.650999985518865 2.127932570727069 77.2374166770756 142.84092906819 0.012844372137796798 0.52583008271557
0.660999985295348 2.138771877682077 80.6326971309902 149.42781006707 0.013328364712130229 0.536043472523966
0.67099998507183 2.1495024008600816 84.0773184477607 156.195583976894 0.01381929328985083 0.546180251816967
0.680999984848313 2.160126829166282 87.5708742436759 163.14599271379 0.014317014454624435 0.556238669827881
0.690999984624796 2.170647746715742 91.1129673749433 170.280764037603 0.014821385604173584 0.566217123612612
0.700999984401278 2.1810676383678556 94.703209601146 177.60161188025 0.015332265094932034 0.57611415153693
0.710999984177761 2.1913888948940725 98.3412212654181 185.110236661823 0.01584951237504757 0.58592842694832
0.720999983954243 2.2016138178079623 102.026630990293 192.808325595086 0.01637298810629537 0.595658752033268
0.730999983730726 2.211744623884068 105.75907538826 200.697552978921 0.016902554275448775 0.605304051860247
0.740999983507209 2.221783449389533 109.538198786126 208.779580481296 0.017438074295645093 0.614863368608164
0.750999983283691 2.231732354050407 113.363652962364 217.056057412248 0.017979413098266957 0.624335855979462
0.760999983060174 2.241593324772536 117.235096896666 225.528620987374 0.01852643721584736 0.633720773796687
0.770999982836656 2.2513682791352467 121.152196530995 234.198896582275 0.019079014856489607 0.643017482780871
0.780999982613139 2.26105906867446 125.114624541465 243.068497978378 0.0196370159702784 0.652225439509716
0.790999982389621 2.2706674819704293 129.12206012043 252.139027600541 0.020200312308142055 0.661344191553239
0.800999982166104 2.280195247554072 133.174188768213 261.412076746803 0.020768777473608453 0.670373372784232
0.810999981942587 2.289644036644644 137.270702093923 270.889225810657 0.021342286967882887 0.679312698860607
0.820999981719069 2.299015465730524 141.41129762488 280.572044496155 0.021920718228656304 0.688161962876508
0.830999981495552 2.308311099003876 145.595678624158 290.462092026174 0.02250395066303844 0.696921031178814
0.840999981272034 2.3175324506591153 149.823553915824 300.560917344142 0.023091865674992648 0.705589839345529
0.850999981048517 2.326680987064336 154.094637717458 310.870059309496 0.023684346687632737 0.714168388322388
0.860999980825 2.3357581288141063 158.40864947957 321.391046887148 0.024281279160726758 0.722656740713885
0.870999980601482 2.3447652526714235 162.765313731558 332.125399331205 0.024882550603736113 0.731055017224841
0.880999980377965 2.3537036934060134 167.164359933871 343.074626363182 0.02548805058470323 0.739363393248554
0.890999980154447 2.3625747455356048 171.605522336057 354.24022834494 0.026097670735286023 0.747582095597502
0.90099997993093 2.3713796649763457 176.088539840407 365.623696446549 0.02671130475222168 0.755711399372543
0.910999979707412 2.3801196706080323 180.613155870908 377.2265128093 0.02732884839548967 0.763751624966542
0.920999979483895 2.3887959457594605 185.179118247254 389.050150704039 0.027950199483427793 0.771703135198325
0.930999979260378 2.3974096396187625 189.786179063659 401.096074685017 0.028575257885043153 0.779566332572888
0.94099997903686 2.4059618685733075 194.434094572246 413.365740739434 0.02920392550974679 0.787341656663805
0.950999978813343 2.4144537174833847 199.12262507079 425.860596432825 0.029836106294726675 0.795029581613784
0.960999978589825 2.4228862408935847 203.851534794617 438.582081050472 0.030471706190163816 0.802630613749413
0.970999978366308 2.4312604641855726 208.620591812455 451.531625734962 0.031110633142482455 0.81014528930612
0.98099997814279 2.4395773846756277 213.429567926059 464.710653620066 0.03175279707581622 0.817574172259485
0.990999977919273 2.447837972660157 218.278238573437 478.120579961041 0.03239810987185897 0.824917852259075
