0.01099999982398003 0.5461192704992855 -1.80905316353779 -0.02592674573725244 -3.0815627363517925e-06 -0.00495168353855149
0.02099999960046262 0.6774652291093796 -3.88238186348955 -0.08754808936968798 -1.0449089072943634e-05 -0.008031582502625177
0.0309999993769452 0.7713689824128381 -5.76802442781074 -0.171608423287386 -2.0553713790208714e-05 -0.00988012034177661
0.04099999915342778 0.8467051049723502 -7.45629970773699 -0.267746946187529 -3.2161333367728055e-05 -0.01072613216630571
0.05099999892991036 0.9105933166121188 -8.9578719575479 -0.367398700968779 -4.4235356185956156e-05 -0.01071461626586994
0.06099999870639294 0.9665887869123675 -10.2855387349644 -0.463186753327647 -5.587233560894499e-05 -0.009947698098753423
0.07099999848287553 1.0167536176493512 -11.4511867371675 -0.548587616768005 -6.626734803230983e-05 -0.00850265582335637
0.08099999825935811 1.0624032130262646 -12.4653063020202 -0.617725874677135 -7.469319542585433e-05 -0.006441007899562179
0.09099999803584069 1.104434118987167 -13.3370607432028 -0.665238036195803 -8.04868792871887e-05 -0.003813601569993147
0.100999997812323 1.1434880556537999 -14.0744676686242 -0.686177091535504 -8.304026436855594e-05 -0.0006636907157240807
0.110999997588806 1.180042006782561 -14.6845813529726 -0.675942697987136 -8.179332422154144e-05 0.002971090431369964
0.120999997365288 1.2144613067493562 -15.1736500709754 -0.630228384625071 -7.622906087751586e-05 0.007057402594881664
0.130999997141771 1.2470326990230876 -15.5472456854836 -0.544980541517122 -6.586955412450793e-05 0.01156527932738246
0.140999996918254 1.277985860513565 -15.8103689140716 -0.416365851812074 -5.0272797577692045e-05 0.0164674656743924
0.150999996694736 1.3075079408805075 -15.9675347258142 -0.240744945761798 -2.903009720293246e-05 0.02173893193427766
0.160999996471219 1.3357536915415837 -16.022841898494 -0.01465075025640061 -1.7638807588318008e-06 0.02735650854171928
0.170999996247701 1.362852710333235 -15.980030034989 0.265229545405473 3.187418689630118e-05 0.03329860687941445
0.180999996024184 1.3889147421608488 -15.8425266405284 0.602069689426643 7.220485704247407e-05 0.03954500237467101
0.190999995800667 1.4140336348228584 -15.6134862856724 0.99891731166627 0.00011952277252716352 0.04607666358472485
0.200999995577149 1.438290343069449 -15.2958234267553 1.45870504812515 0.00017409780462820373 0.05287561578457439
0.210999995353632 1.461755245396007 -14.892240106885 1.98426017986453 0.00023617628039756972 0.05992483080104345
0.220999995130114 1.4844899556169266 -14.4052494941832 2.57831304607488 0.0003059821221903704 0.06720813705502031
0.230999994906597 1.506548757056391 -13.8371960103679 3.24350443582939 0.0003837179157157593 0.07471014532807728
0.240999994683079 1.5279797507569668 -13.1902726466924 3.98239212149999 0.00046956591897331115 0.08241618687845119
0.250999994459562 1.5488257841263509 -12.4665359439061 4.79745666508498 0.0005636890214661032 0.09031226133523418
0.260999994236045 1.5691252090054184 -11.6679190195464 5.69110660417313 0.0006662316608393367 0.09838499239102877
0.270999994012527 1.5889125057694982 -10.7962429529375 6.66568310509646 0.0007773207023899796 0.106621589754224
0.28099999378901 1.6082188011659364 -9.85322678091221 7.72346415567926 0.0008970662855926779 0.115009816154722
0.290999993565492 1.6270723010877273 -8.84049631183919 8.86666835791592 0.0010255626407918378 0.123537958450742
0.300999993341975 1.6454986546758963 -7.75959192931556 10.0974583711949 0.001162888878446589 0.132194802079854
0.310999993118457 1.6635212625485332 -6.61197552780318 11.4179440488091 0.0013091097527310079 0.140969608249444
0.32099999289494 1.6811615392375259 -5.39903669901009 12.8301853040551 0.00146427640084566 0.149852093380968
0.330999992671423 1.6984391378399035 -4.12209826872756 14.3361947369283 0.001628427059057907 0.158832410416477
0.340999992447905 1.7153721432928226 -2.78242126824124 15.9379400480337 0.0018015877562335236 0.167901131670708
0.350999992224388 1.731977239439318 -1.3812094116114 17.6373462626769 0.0019837729854330468 0.177049232971865
0.36099999200087 1.7482698540790336 0.08038686047035257 19.4362977850384 0.0021749863540087445 0.186268078882329
0.370999991777353 1.7642642854301758 1.60126671834207 21.3366402997513 0.0023752212125404525 0.195549408829366
0.380999991553836 1.7799738128182505 3.18037561797559 23.3401825360184 0.0025844612628826394 0.204885324007405
0.390999991330318 1.7954107939185227 4.81670227411027 25.4486979075456 0.0028026811455535237 0.214268274939114
0.400999991106801 1.810586750485449 6.50927589867534 27.663926039978 0.003029847006674172 0.223691049603352
0.410999990883283 1.8255124441834036 8.2571636756453 29.987574196162 0.0032659170446571258 0.233146762055222
0.420999990659766 1.8401979438731701 10.0594684471863 32.4213186083826 0.0035108420368466595 0.242628841477406
0.430999990436248 1.8546526854956893 11.9153265891226 34.9668057257041 0.0037645658463225074 0.252131021613452
0.440999990212731 1.8688855255193413 13.8239060564607 37.6256533836651 0.0040270259090953425 0.26164733054305
0.450999989989214 1.8829047887719086 15.7844045820336 40.3994519028048 0.004298153701941341 0.271172080767081
0.460999989765696 1.896718311357897 17.7960480133324 43.2897651218289 0.004577875191145447 0.280699859576477
0.470999989542179 1.9103334792611981 19.8580887743221 46.2981313706316 0.004866111262445671 0.290225519684101
0.480999989318661 1.923757263148723 21.9698044405347 49.4260643878729 0.005162778132494144 0.299744170103048
0.490999989095144 1.9369962498196711 24.130496417043 52.6750541873547 0.005467787742173518 0.30925116725816
0.500999988871627 1.9500566706850453 26.3394887100474 56.0465678770304 0.005781048132128581 0.318742106320292
0.510999988648109 1.9629444276112236 28.5961267838047 59.5420504341309 0.006102463800893999 0.328212812755091
0.520999988424592 1.9756651164180865 30.8997764955004 63.1629254395652 0.0064319360460169984 0.337659334079756
0.530999988201074 1.9882240482852338 33.2498231014227 66.9105957744739 0.0067693632885909814 0.347077931822699
0.540999987977557 2.0006262692882393 35.6456703284813 70.7864442815582 0.007114641381630514 0.356465073682027
0.550999987754039 2.0128765782596227 38.0867395056955 74.7918343935817 0.007467663902730802 0.365817425879627
0.560999987530522 2.02497954314588 40.5724687508168 78.928110731237 0.007828322431465147 0.375131845708258
0.570999987307005 2.036939516011588 43.1023122077014 83.1965996723887 0.008196506811982435 0.384405374269447
0.580999987083487 2.0487606468241317 45.6757393304788 87.5986098945364 0.008572105401272744 0.39363522940035
0.59099998685997 2.060446896137321 48.2922342109191 92.1354328921961 0.008955005303573953 0.402818798787882
0.600999986636452 2.0720020467788944 50.9512949457366 96.8083434707617 0.009345092591394367 0.411953633268558
0.610999986412935 2.083429714635365 53.6524330408634 101.618600218287 0.009742252513627406 0.421037440312495
0.620999986189418 2.094733358617445 56.3951728499866 106.567445956518 0.010146369691233233 0.430068077690013
0.6309999859659 2.105916289880478 59.1790510448777 111.656108172412 0.010557328300960647 0.439043547319219
0.640999985742383 2.1169816803664245 62.0036161152641 116.885799431269 0.010975012247576956 0.447961989292844
0.650999985518865 2.127932570727069 64.8684278961741 122.257717772545 0.011399305325070712 0.456821676082485
0.660999985295348 2.138771877682077 67.7730571208634 127.773047089324 0.011830091367284766 0.465621006918305
0.67099998507183 2.1495024008600816 70.7170849975899 133.432957492347 0.012267254388428829 0.474358502342058
0.680999984848313 2.160126829166282 73.7001028086386 139.238605659466 0.012710678713915534 0.483032798931187
0.690999984624796 2.170647746715742 76.7217115301308 145.191135171296 0.013160249101951802 0.491642644191608
0.700999984401278 2.1810676383678556 79.7815214712675 151.2916768338 0.013615850856309128 0.500186891616623
0.710999984177761 2.1913888948940725 82.8791519317543 157.54134898851 0.014077369930687303 0.508664495909295
0.720999983954243 2.2016138178079623 86.0142308762693 163.941257811001 0.014544693025072195 0.51707450836549
0.730999983730726 2.211744623884068 89.1863946248951 170.492497598242 0.015017707674480978 0.525416072414651
0.740999983507209 2.221783449389533 92.3952875585445 177.196151045362 0.015496302330472722 0.533688419315295
0.750999983283691 2.231732354050407 95.6405618384613 184.053289512375 0.015980366435794025 0.541890864002097
0.760999983060174 2.241593324772536 98.9218771389536 191.064973281351 0.016469790492515377 0.550022801081364
0.770999982836656 2.2513682791352467 102.238900392575 198.232251804486 0.01696446612400173 0.55808370097161
0.780999982613139 2.26105906867446 105.591305547024 205.556163943524 0.01746428613105085 0.566073106185895
0.790999982389621 2.2706674819704293 108.978773333092 213.037738200921 0.01796914454251788 0.573990627752534
0.800999982166104 2.280195247554072 112.400991043011 220.677992943151 0.01847893666073558 0.581835941770733
0.810999981942587 2.289644036644644 115.857652318641 228.477936616502 0.01899355910202484 0.58960878609771
0.820999981719069 2.299015465730524 119.348456948925 236.438567955715 0.019512909832580912 0.597308957163794
0.830999981495552 2.308311099003876 122.873110676114 244.560876185777 0.02003688820000695 0.604936306912031
0.840999981272034 2.3175324506591153 126.431325010277 252.845841217181 0.02056539496075662 0.612490739858798
0.850999981048517 2.326680987064336 130.022817051665 261.29443383493 0.02109833230373489 0.619972210271938
0.860999980825 2.3357581288141063 133.64730932049 269.907615881568 0.021635603870296706 0.627380719462953
0.870999980601482 2.3447652526714235 137.304529593744 278.686340434476 0.02217711477087034 0.634716313189817
0.880999980377965 2.3537036934060134 140.994210748693 287.6315519777 0.022722771598424445 0.641979079166974
0.890999980154447 2.3625747455356048 144.716090612689 296.744186568509 0.023272482438984228 0.64916914467917
0.90099997993093 2.3713796649763457 148.469911818994 306.025171998934 0.023826156879396335 0.656286674295757
0.910999979707412 2.3801196706080323 152.255421668304 315.47542795247 0.02438370601252847 0.663331867682201
0.920999979483895 2.3887959457594605 156.072371995693 325.09586615614 0.02494504244008279 0.670304957505528
0.930999979260378 2.3974096396187625 159.920519042708 334.887390528123 0.025510080273193302 0.677206207430556
0.94099997903686 2.4059618685733075 163.799623334369 344.850897321093 0.026078735130966427 0.684035910203756
0.950999978813343 2.4144537174833847 167.709449560824 354.987275261473 0.026650924137119482 0.690794385821699
0.960999978589825 2.4228862408935847 171.649766463459 365.297405684724 0.027226565914858784 0.697481979781071
0.970999978366308 2.4312604641855726 175.62034672523 375.782162666854 0.02780558058013642 0.704099061407339
0.98099997814279 2.4395773846756277 179.620966865031 386.442413152268 0.028387889733413343 0.710646022259184
0.990999977919273 2.447837972660157 183.651407135913 397.279017078112 0.02897341645005162 0.717123274605912
