0.01099999982398003 0.6880512671117645 2.28332851577321 0.01010561882830352 9.793034762564142e-07 0.001365190520310659
0.02099999960046262 0.8535329816996089 2.98552898520936 0.02778632781732526 2.8555807016252628e-06 0.002500287641388164
0.0309999993769452 0.9718415636105264 3.60228065190424 0.05937803720500451 6.2523848844566595e-06 0.004298854765845927
0.04099999915342778 1.0667569372045942 4.23847278266867 0.11087235728121 1.1818245385220857e-05 0.006690039961963817
0.05099999892991036 1.1472491801024849 4.92790689067821 0.187620420590176 2.012939762129534e-05 0.009605825563035363
0.06099999870639294 1.2177974218032064 5.68380414462951 0.294432682607225 3.1694493299170025e-05 0.0129904903395038
0.07099999848287553 1.2809996877138614 6.51145363343803 0.435688234486756 4.696664039195675e-05 0.0167982597198816
0.08099999825935811 1.3385132449877313 7.41260020878749 0.615418209685155 6.635371844691976e-05 0.0209907629245176
0.09099999803584069 1.3914676446334622 8.3872673574733 0.837367669262583 9.022639228665265e-05 0.02553517139666979
0.100999997812323 1.4406713846600916 9.43460689268666 1.10504214705432 0.0001189242772406638 0.03040289489912541
0.110999997588806 1.4867254130577556 10.5533272748151 1.42174339025085 0.00015276072902344377 0.03556866102609545
0.120999997365288 1.5300900116620166 11.7419215387203 1.79059737336274 0.00019202661954766952 0.0410098525672666
0.130999997141771 1.5711264462581558 12.9987930506227 2.21457666957099 0.00023699335835553994 0.04670602014436539
0.140999996918254 1.610124084933618 14.3223263472228 2.69651861349127 0.00028791534484479164 0.05263851630080187
0.150999996694736 1.6473187160362328 15.7109272388982 3.23914026278019 0.0003450319844191528 0.05879021551630032
0.160999996471219 1.6829053096298057 17.1630451779716 3.84505088129535 0.0004085693655750664 0.06514529623868039
0.170999996247701 1.7170471449838935 18.6771851659304 4.51676247261203 0.000478741669681276 0.07168906851225133
0.180999996024184 1.7498824888202362 20.2519134029202 5.25669875790271 0.0005557523673211923 0.07840783569892248
0.190999995800667 1.7815295792236554 21.8858591726792 6.06720289663558 0.0006397952422158993 0.08528878208184733
0.200999995577149 1.8120904104314033 23.5777144726573 6.95054417957835 0.0007310552743753025 0.09231988039131811
0.210999995353632 1.8416536517425577 25.3262323180776 7.90892387297241 0.0008297094071959344 0.09948981485805077
0.220999995130114 1.870296929905259 27.1302242975836 8.94448035501636 0.0009359272180313778 0.106787916506985
0.230999994906597 1.8980886360421148 28.9885577418526 10.0592936572856 0.001049871507820978 0.114204108201441
0.240999994683079 1.9250893722689548 30.9001527312713 11.2553895018888 0.0011716988223374602 0.12172885752877
0.250999994459562 1.9513531216893805 32.863979083076 12.5347429082551 0.0013015599152662936 0.12935313604849
0.260999994236045 1.9769282034785896 34.8790534035865 13.8992814302091 0.0014396001614891585 0.137068383745659
0.270999994012527 2.001858059183543 36.944436255945 15.3508880735229 0.0015859599274875992 0.144866477775912
0.28099999378901 2.0261819051423364 39.0592294710787 16.8914039357754 0.0017407749046200207 0.152739704774965
0.290999993565492 2.0499352777322106 41.2225736150216 18.5226306036264 0.0019041764100899844 0.160680736149387
0.300999993341975 2.073150492099208 43.4336456164334 20.2463323371523 0.0020762916596649135 0.168682605877676
0.310999993118457 2.095857030493448 45.6916565523292 22.0642380664293 0.0022572440155847855 0.176738690438817
0.32099999289494 2.118081872911052 47.9958495864869 23.978043221878 0.0024471532125912316 0.184842690555339
0.330999992671423 2.139849780130561 50.3454980529651 25.9894114168403 0.002646135564585971 0.192988614493513
0.340999992447905 2.1611835372185313 52.7399036761029 28.099975998325 0.0028543041540771705 0.201170762707999
0.350999992224388 2.182104164014329 55.1783949179664 30.3113414797328 0.0030717690062789034 0.209383713654282
0.36099999200087 2.202631097878375 57.6603254441984 32.6250848675807 0.0032986372494822353 0.217622310621486
0.370999991777353 2.2227823530205426 60.1850726994853 35.0427568927313 0.0035350132631082392 0.225881649462028
0.380999991553836 2.242574659956004 62.752036584258 37.565883155338 0.0037809988146757906 0.234157067114106
0.390999991330318 2.2620235880202193 65.3606382247379 40.1959651916203 0.004036693186766644 0.242444130829137
0.400999991106801 2.2811436533787637 68.0103188289647 42.9344814696305 0.004302193294940464 0.250738628029533
0.410999990883283 2.2999484145658404 70.7005386219803 45.7828883203635 0.0045775937974418986 0.259036556733288
0.420999990659766 2.318450557257995 73.4307758538762 48.742620809851 0.004862987197445431 0.267334116490972
0.430999990436248 2.336661969721164 76.2005258749107 51.8150935572713 0.005158463938500941 0.275627699788458
0.440999990212731 2.3545938101484754 79.0093002723869 55.0017015035721 0.005464112493770728 0.283913883875108
0.450999989989214 2.372256566923353 81.8566260644236 58.3038206346369 0.005780019449585751 0.29218942298254
0.460999989765696 2.389660112690703 84.7420449461713 61.7228086626158 0.006106269583793733 0.300451240903667
0.470999989542179 2.4068137529920994 87.6651125843957 65.2600056686836 0.006442945939323759 0.308696423905516
0.480999989318661 2.423726270114599 90.6253979567152 68.9167347101701 0.006790129893349259 0.316922213952608
0.490999989095144 2.440405962713422 93.6224827320843 72.6943023947255 0.0071479012223939105 0.325126002220425
0.500999988871627 2.4568606816930654 96.6559606894148 76.5939994239396 0.007516338163692054 0.333305322880844
0.510999988648109 2.473097862767409 99.7254371714885 80.6171011086052 0.007895517473085378 0.3414578471434
0.520999988424592 2.4891245560648176 102.83052857156 84.7648678576279 0.008285514479712196 0.349581377537995
0.530999988201074 2.50494745309766 105.970861850259 89.0385456424007 0.008686403137721725 0.35767384242607
0.540999987977557 2.520572911375879 109.14607408062 93.4393664383095 0.009098256075225455 0.365733290728557
0.550999987754039 2.5360069769098876 112.355812019221 97.9685486448924 0.009521144640679024 0.373757886860009
0.560999987530522 2.5512554048186575 115.599731701602 102.627297486049 0.009955138946871347 0.381745905859199
0.570999987307005 2.5663236782332715 118.877498060282 107.416805391581 0.010400307912682498 0.389695728707338
0.580999987083487 2.581217025664188 122.1887845638 112.338252361246 0.010856719302759424 0.397605837825715
0.59099998685997 2.59594043698123 125.533272875382 117.392806312404 0.011324439765244589 0.4054748127452
0.600999986636452 2.6104986781385753 128.910652529893 122.581623412263 0.011803534867683655 0.413301325940579
0.610999986412935 2.6248963047624962 132.320620627885 127.905848395653 0.012294069131227736 0.421084138823129
0.620999986189418 2.6391376747067206 135.762881545604 133.366614869168 0.012796106063235262 0.428822097885298
0.6309999859659 2.653226959669178 139.237146659938 138.96504560248 0.013309708188372621 0.436514130991668
0.640999985742383 2.6671681559539775 142.743134087348 144.702252807566 0.013834937078305154 0.444159243810735
0.650999985518865 2.680965094453794 146.2805684359 150.579338406503 0.014371853380059823 0.451756516382313
0.660999985295348 2.694621449920226 149.849180569584 156.597394288499 0.014920516843140833 0.459305099815621
0.67099998507183 2.708140749582822 153.448707384157 162.757502556714 0.01548098634546711 0.466804213113353
0.680999984848313 2.72152638117157 157.078891593824 169.060735765455 0.01605331991820181 0.474253140117243
0.690999984624796 2.7347816003922105 160.739481528086 175.508157148221 0.016637574769533175 0.481651226570804
0.700999984401278 2.7479095378990657 164.430230938166 182.100820837107 0.017233807307467538 0.488997877295134
0.710999984177761 2.760913205805816 168.150898812446 188.839772073992 0.01784207316168659 0.496292553473804
0.720999983954243 2.773795503770856 171.901249200393 195.726047413939 0.01846242720452032 0.503534770043019
0.730999983730726 2.7865592246905644 175.681051044481 202.760674921194 0.019094923571082584 0.510724093183367
0.740999983507209 2.799207060030699 179.490078019666 209.94467435815 0.019739615678612935 0.517860137909615
0.750999983283691 2.8117416048235055 183.328108379984 217.279057367619 0.020396556245066106 0.524942565755108
0.760999983060174 2.824165362355647 187.194924811874 224.764827648738 0.021065797306988054 0.531971082547474
0.770999982836656 2.83648074856986 191.09031429387 232.402981126804 0.021747390236713505 0.538945436272433
0.780999982613139 2.8486900962013273 195.014067962301 240.194506117335 0.02244138575892062 0.545865415022592
0.790999982389621 2.8607956586678944 198.965980982686 248.140383484606 0.02314783396657224 0.552730845028254
0.800999982166104 2.8727996137317318 202.945852426519 256.241586794936 0.023866784336276165 0.559541588767322
0.810999981942587 2.884704066948511 206.953485153169 264.499082464942 0.02459828574308993 0.566297543151486
0.820999981719069 2.896511054918909 210.988685696613 272.913829904995 0.025342386474798133 0.572998637785982
0.830999981495552 2.908222548356027 215.051264156769 281.486781658093 0.026099134245686963 0.579644833300274
0.840999981272034 2.919840454981204 219.141034095187 290.218883534339 0.026868576209838346 0.586236119747115
0.850999981048517 2.931366622259783 223.257812434887 299.11107474122 0.02765075897396633 0.592772515067507
0.860999980825 2.9428028399874098 227.40141936412 308.164288009875 0.02844572860981767 0.599254063619166
0.870999980601482 2.954150842736688 231.571678243885 317.379449717498 0.029253530666153566 0.605680834766175
0.880999980377965 2.9654123121732368 235.768415518994 326.757480006057 0.030074210180333558 0.612052921527572
0.890999980154447 2.9765888792495088 239.991460632527 336.299292897472 0.030907811689517926 0.618370439282707
0.90099997993093 2.987682126284135 244.240645943516 346.005796405397 0.03175437924150532 0.624633524531252
0.910999979707412 2.998693588933948 248.515806647691 355.877892643742 0.03261395640522159 0.630842333705837
0.920999979483895 3.0096247580653595 252.816780701167 365.916477932065 0.03348658628087409 0.636997042035338
0.930999979260378 3.0204770815312334 257.143408746914 376.122442897958 0.03437231150978607 0.643097842456895
0.94099997903686 3.0312519658590196 261.495534043894 386.496672576545 0.03527117428392456 0.649144944574845
0.950999978813343 3.041950777855451 265.873002398742 397.040046507196 0.036183216355133406 0.655138573664757
0.960999978589825 3.0525748461327584 270.27566209987 407.753438827574 0.03710847904408489 0.661078969720861
0.970999978366308 3.063125462561037 274.703363853901 418.637718365109 0.03804700324896019 0.666966386545204
0.98099997814279 3.0736038836510273 279.155960724304 429.693748725993 0.03899882945387011 0.672801090876912
0.990999977919273 3.084011331871354 283.633308072163 440.922388381792 0.039963997737025886 0.678583361560018
