0.01099999982398003 0.6880512671117645 2.62188780328376 0.01313209257985454 1.2393212382304676e-06 0.001834936432249266
0.02099999960046262 0.8535329816996089 3.53305453748284 0.03528829764173909 3.5411556623371525e-06 0.002909188114328451
0.0309999993769452 0.9718415636105264 4.28429844274455 0.06899445984936592 7.116596798684361e-06 0.004272237981202904
0.04099999915342778 1.0667569372045942 4.9880502013546 0.116896821907185 1.2245645632309785e-05 0.005893273680667227
0.05099999892991036 1.1472491801024849 5.68294079815008 0.181287343254789 1.9175847766901678e-05 0.007731847377577985
0.06099999870639294 1.2177974218032064 6.38570068243483 0.264115883134267 2.8117654071219758e-05 0.00975370031778803
0.07099999848287553 1.2809996877138614 7.1043501619022 0.367051378743479 3.9249868451055796e-05 0.01193093228082474
0.08099999825935811 1.3385132449877313 7.84285480249055 0.491534925847825 5.272533623552366e-05 0.01424069939897612
0.09099999803584069 1.3914676446334622 8.60309958971845 0.63882089732059 6.867560582597787e-05 0.01666404636450805
0.100999997812323 1.4406713846600916 9.38583224214468 0.810008434814334 8.721458648067262e-05 0.0191850247617923
0.110999997588806 1.4867254130577556 10.1911533446349 1.00606581376357 0.00010844140969060586 0.02179004571111422
0.120999997365288 1.5300900116620166 11.0187871339916 1.22784958292167 0.00013244268650448976 0.02446740228512798
0.130999997141771 1.5711264462581558 11.8682381355362 1.47611983572375 0.00015929430932572832 0.02720691219857988
0.140999996918254 1.610124084933618 12.738884951208 1.75155257514868 0.00018906290782668754 0.02999964608240389
0.150999996694736 1.6473187160362328 13.6300378590222 2.05474985960913 0.00022180703929827291 0.03283771746120332
0.160999996471219 1.6829053096298057 14.5409748094442 2.38624822849898 0.0002575781725792753 0.03571411792037287
0.170999996247701 1.7170471449838935 15.4709641432906 2.74652577474039 0.000296421509563083 0.03862258590196722
0.180999996024184 1.7498824888202362 16.419278952967 3.13600813917209 0.0003383766774023599 0.04155750091362086
0.190999995800667 1.7815295792236554 17.3852060846601 3.5550736354488 0.0003834783166496933 0.04451379722077086
0.200999995577149 1.8120904104314033 18.3680516535923 4.00405766605976 0.00043175658479538577 0.04748689267706523
0.210999995353632 1.8416536517425577 19.3671442666834 4.48325655464963 0.0004832375903793235 0.05047262946288661
0.220999995130114 1.870296929905259 20.3818367283973 4.99293089335273 0.0005379437696390378 0.05346722429824154
0.230999994906597 1.8980886360421148 21.4115067413276 5.53330848381205 0.0005958942152160711 0.05646722627308279
0.240999994683079 1.9250893722689548 22.4555569430578 6.10458693520195 0.000657104964570694 0.05946948086160452
0.250999994459562 1.9513531216893805 23.5134145095836 6.70693597068059 0.0007215892543040215 0.06247109900189026
0.260999994236045 1.9769282034785896 24.5845304817266 7.34049948438907 0.0007893577454509951 0.06546943035914471
0.270999994012527 2.001858059183543 25.6683789213104 8.00539738375888 0.0008604187239110881 0.06846204007090266
0.28099999378901 2.0261819051423364 26.7644559701147 8.70172724602421 0.000934778279469539 0.07144668841106294
0.290999993565492 2.0499352777322106 27.8722788614774 9.42956581312139 0.0010124404662888223 0.07442131291703688
0.300999993341975 2.073150492099208 28.9913849184111 10.1889703453384 0.0010934074472867257 0.07738401260841898
0.310999993118457 2.095857030493448 30.1213305609827 10.9799798509607 0.0011776796244400303 0.08033303399201874
0.32099999289494 2.118081872911052 31.2616903379463 11.8026162066004 0.0012652557567437188 0.08326675860095827
0.330999992671423 2.139849780130561 32.4120559921892 12.6568851807782 0.0013561330673005157 0.08618369185793733
0.340999992447905 2.1611835372185313 33.5720355657563 13.5427773715686 0.0014503073408042486 0.08908245308699858
0.350999992224388 2.182104164014329 34.7412525475735 14.4602690676466 0.001547773012504122 0.09196176652595607
0.36099999200087 2.202631097878375 35.919345065151 15.4093230408375 0.001648523249589269 0.09482045321440782
0.370999991777353 2.2227823530205426 37.1059651202919 16.389889277225 0.0017525500258083703 0.09765742365098415
0.380999991553836 2.242574659956004 38.3007778679821 17.4019056529875 0.0018598441900339472 0.100471671128973
0.390999991330318 2.2620235880202193 39.5034609370769 18.445298560374 0.0019703955293912524 0.103262265672361
0.400999991106801 2.2811436533787637 40.7137037910528 19.5199834885858 0.002084192827495511 0.10602834850509
0.410999990883283 2.2999484145658404 41.9312071268886 20.6258655637711 0.0022012239182755233 0.108769126995398
0.420999990659766 2.318450557257995 43.1556823100379 21.7628400518628 0.00232147573580581 0.111483870024725
0.430999990436248 2.336661969721164 44.3868508434312 22.9307928275697 0.002444934360520337 0.114171903737172
0.440999990212731 2.3545938101484754 45.6244438684653 24.1296008124737 0.00257158506213929 0.116832607630963
0.450999989989214 2.372256566923353 46.8682016959933 25.3591323848696 0.0027014123396036423 0.119465410958116
0.460999989765696 2.389660112690703 48.1178733654061 26.6192477637074 0.0028343999582803097 0.122069789402524
0.470999989542179 2.4068137529920994 49.373216229986 27.9097993687573 0.0029705309846730452 0.12464526201015
0.480999989318661 2.423726270114599 50.6339955668114 29.2306321589035 0.0031097878188496015 0.127191388348016
0.490999989095144 2.440405962713422 51.8999842095899 30.5815839502886 0.0032521522247746433 0.129707765871294
0.500999988871627 2.4568606816930654 53.1709622028996 31.9624857158592 0.003397605358718324 0.132194027480038
0.510999988648109 2.473097862767409 54.4467164764158 33.3731618677234 0.003546127795894531 0.134649839249095
0.520999988424592 2.4891245560648176 55.7270405377946 34.8134305235945 0.0036976995554673813 0.137074898316443
0.530999988201074 2.50494745309766 57.011734182977 36.2831037584819 0.0038523001240517015 0.13946893091671
0.540999987977557 2.520572911375879 58.3006032227614 37.781987842687 0.004009908477821656 0.141831690547981
0.550999987754039 2.5360069769098876 59.5934592245739 39.3098834670664 0.004170503103330943 0.144162956261156
0.560999987530522 2.5512554048186575 60.8901192684447 40.8665859564442 0.004334062017138986 0.146462531062158
0.570999987307005 2.5663236782332715 62.1904057162612 42.4518854719795 0.004500562784329122 0.148730240418224
0.580999987083487 2.581217025664188 63.4941459934477 44.0655672032269 0.004669982535997162 0.150965930860318
0.59099998685997 2.59594043698123 64.8011723822675 45.7074115505694 0.004842297985782319 0.153169468674426
0.600999986636452 2.6104986781385753 66.1113218260143 47.3771942986467 0.005017485445506149 0.155340738675173
0.610999986412935 2.6248963047624962 67.4244357434029 49.0746867813523 0.005195520839979812 0.15747964305573
0.620999986189418 2.6391376747067206 68.7403598525215 50.7996560389302 0.0053763797210352356 0.159586100308564
0.6309999859659 2.653226959669178 70.0589440037551 52.5518649676561 0.005560037280830731 0.161660044211983
0.640999985742383 2.6671681559539775 71.3800420211257 54.33107246256 0.00574646836447861 0.163701422877915
0.650999985518865 2.680965094453794 72.7035115515394 56.137033553601 0.005935647482037312 0.165710197856679
0.660999985295348 2.694621449920226 74.0292139214638 57.9694995356877 0.006127548819908659 0.167686343294896
0.67099998507183 2.708140749582822 75.3570140005902 59.8282180928983 0.0063221462516766655 0.169629845142965
0.680999984848313 2.72152638117157 76.6867800720688 61.7129334172359 0.006519413348422271 0.171540700408824
0.690999984624796 2.7347816003922105 78.0183837089312 63.6233863222288 0.006719323388545635 0.173418916454974
0.700999984401278 2.7479095378990657 79.3516996563445 65.5593143516621 0.006921849367125121 0.175264510335961
0.710999984177761 2.760913205805816 80.6866057193534 67.5204518837116 0.007126964004840515 0.177077508173731
0.720999983954243 2.773795503770856 82.0229826558094 69.5065302307283 0.0073346397564854554 0.178857944568477
0.730999983730726 2.7865592246905644 83.3607140741877 71.517277734908 0.007544848819092811 0.180605862042736
0.740999983507209 2.799207060030699 84.6996863360191 73.5524198600631 0.007757563139694731 0.1823213105167
0.750999983283691 2.8117416048235055 86.0397884626864 75.6116792797037 0.007972754422738124 0.184004346812815
0.760999983060174 2.824165362355647 87.3809120463429 77.6947759616134 0.008190394137174003 0.185655034187902
0.770999982836656 2.83648074856986 88.7229511647301 79.8014272491048 0.008410453523239152 0.187273441891134
0.780999982613139 2.8486900962013273 90.0658022996875 81.9313479391176 0.008632903598946168 0.188859644746343
0.790999982389621 2.8607956586678944 91.4093642591572 84.0842503573188 0.008857715166297702 0.190413722757206
0.800999982166104 2.8727996137317318 92.7535381024969 86.2598444303519 0.009084858817239297 0.191935760733991
0.810999981942587 2.884704066948511 94.0982270689359 88.457837755375 0.009314304939364552 0.193425847940594
0.820999981719069 2.896511054918909 95.4433365090023 90.6779356670163 0.009546023721385247 0.194884077760706
0.830999981495552 2.908222548356027 96.7887738187787 92.9198413018707 0.009779985158378333 0.19631054738202
0.840999981272034 2.919840454981204 98.1344483768377 95.1832556606541 0.010016159056821272 0.197705357497453
0.850999981048517 2.931366622259783 99.480271483723 97.467877668123 0.010254515039426072 0.199068612022426
0.860999980825 2.9428028399874098 100.826156303853 99.7734042308623 0.010495022549781928 0.200400417827299
0.870999980601482 2.954150842736688 102.172017809725 102.099530293039 0.010737650856815904 0.201700884484133
0.880999980377965 2.9654123121732368 103.517772728308 104.445948890211 0.010982369059080203 0.20297012402697
0.890999980154447 2.9765888792495088 104.863339489517 106.812351201285 0.011229146088875088 0.204208250724913
0.90099997993093 2.987682126284135 106.208638176677 109.198426598691 0.011477950716213646 0.205415380867285
0.910999979707412 2.998693588933948 107.553590478866 111.603862696869 0.011728751552637884 0.206591632560228
0.920999979483895 3.0096247580653595 108.89811964507 114.028345399121 0.01198151705489072 0.207737125534124
0.930999979260378 3.0204770815312334 110.242150440047 116.471558942919 0.012236215528452835 0.208851980961252
0.94099997903686 3.0312519658590196 111.585609101832 118.933185943717 0.012492815130948675 0.20993632128314
0.950999978813343 3.041950777855451 112.928423300799 121.412907437338 0.0127512838754284 0.210990270047094
0.960999978589825 3.0525748461327584 114.270522100226 123.910402920997 0.013011589633531313 0.212013951751429
0.970999978366308 3.063125462561037 115.611835918271 126.425350393003 0.013273700138534983 0.213007491698929
0.98099997814279 3.0736038836510273 116.952296491319 128.957426391218 0.013537582988297263 0.213971015858117
0.990999977919273 3.084011331871354 118.291836838624 131.506306030292 0.01380320564809282 0.214904650731926
