# Homogenous matter with Skyrme BSk24
# den [fm-3], E/A [MeV], Press [MeV.fm-3] 
0.0010000000 1.048845 0.000645
0.0020000000 1.596323 0.001900
0.0030000000 2.025729 0.003520
0.0040000000 2.388409 0.005402
0.0050000000 2.705899 0.007481
0.0060000000 2.989876 0.009716
0.0070000000 3.247592 0.012072
0.0080000000 3.483950 0.014524
0.0090000000 3.702468 0.017053
0.0100000000 3.905779 0.019643
0.0110000000 4.095927 0.022280
0.0120000000 4.274534 0.024955
0.0130000000 4.442921 0.027658
0.0140000000 4.602178 0.030382
0.0150000000 4.753224 0.033122
0.0160000000 4.896838 0.035873
0.0170000000 5.033692 0.038632
0.0180000000 5.164369 0.041395
0.0190000000 5.289379 0.044162
0.0200000000 5.409173 0.046929
0.0210000000 5.524152 0.049698
0.0220000000 5.634673 0.052467
0.0230000000 5.741060 0.055237
0.0240000000 5.843602 0.058009
0.0250000000 5.942564 0.060784
0.0260000000 6.038187 0.063563
0.0270000000 6.130690 0.066348
0.0280000000 6.220276 0.069141
0.0290000000 6.307130 0.071945
0.0300000000 6.391425 0.074762
0.0310000000 6.473320 0.077596
0.0320000000 6.552963 0.080449
0.0330000000 6.630491 0.083325
0.0340000000 6.706034 0.086226
0.0350000000 6.779710 0.089158
0.0360000000 6.851634 0.092124
0.0370000000 6.921911 0.095127
0.0380000000 6.990640 0.098173
0.0390000000 7.057915 0.101265
0.0400000000 7.123825 0.104408
0.0410000000 7.188453 0.107607
0.0420000000 7.251878 0.110866
0.0430000000 7.314176 0.114190
0.0440000000 7.375417 0.117585
0.0450000000 7.435670 0.121054
0.0460000000 7.494998 0.124604
0.0470000000 7.553463 0.128239
0.0480000000 7.611123 0.131965
0.0490000000 7.668034 0.135788
0.0500000000 7.724250 0.139713
0.0510000000 7.779821 0.143745
0.0520000000 7.834796 0.147890
0.0530000000 7.889222 0.152154
0.0540000000 7.943144 0.156543
0.0550000000 7.996604 0.161062
0.0560000000 8.049644 0.165718
0.0570000000 8.102305 0.170517
0.0580000000 8.154623 0.175464
0.0590000000 8.206635 0.180566
0.0600000000 8.258378 0.185829
0.0610000000 8.309885 0.191259
0.0620000000 8.361189 0.196862
0.0630000000 8.412321 0.202646
0.0640000000 8.463313 0.208615
0.0650000000 8.514194 0.214777
0.0660000000 8.564992 0.221138
0.0670000000 8.615735 0.227705
0.0680000000 8.666451 0.234484
0.0690000000 8.717164 0.241481
0.0700000000 8.767900 0.248704
0.0710000000 8.818684 0.256158
0.0720000000 8.869538 0.263852
0.0730000000 8.920486 0.271791
0.0740000000 8.971550 0.279982
0.0750000000 9.022751 0.288432
0.0760000000 9.074111 0.297149
0.0770000000 9.125649 0.306138
0.0780000000 9.177385 0.315406
0.0790000000 9.229339 0.324961
0.0800000000 9.281529 0.334810
0.0810000000 9.333973 0.344960
0.0820000000 9.386689 0.355417
0.0830000000 9.439694 0.366188
0.0840000000 9.493006 0.377281
0.0850000000 9.546639 0.388704
0.0860000000 9.600610 0.400462
0.0870000000 9.654935 0.412563
0.0880000000 9.709629 0.425014
0.0890000000 9.764706 0.437823
0.0900000000 9.820181 0.450996
0.0910000000 9.876068 0.464542
0.0920000000 9.932380 0.478466
0.0930000000 9.989131 0.492777
0.0940000000 10.046335 0.507481
0.0950000000 10.104002 0.522587
0.0960000000 10.162147 0.538101
0.0970000000 10.220782 0.554030
0.0980000000 10.279917 0.570383
0.0990000000 10.339566 0.587166
0.1000000000 10.399739 0.604387
0.1010000000 10.460447 0.622053
0.1020000000 10.521702 0.640172
0.1030000000 10.583513 0.658752
0.1040000000 10.645892 0.677798
0.1050000000 10.708849 0.697320
0.1060000000 10.772394 0.717325
0.1070000000 10.836536 0.737820
0.1080000000 10.901285 0.758812
0.1090000000 10.966651 0.780310
0.1100000000 11.032642 0.802321
0.1110000000 11.099269 0.824852
0.1120000000 11.166539 0.847910
0.1130000000 11.234461 0.871505
0.1140000000 11.303045 0.895642
0.1150000000 11.372298 0.920331
0.1160000000 11.442228 0.945578
0.1170000000 11.512844 0.971390
0.1180000000 11.584153 0.997777
0.1190000000 11.656164 1.024745
0.1200000000 11.728884 1.052302
0.1210000000 11.802320 1.080456
0.1220000000 11.876479 1.109214
0.1230000000 11.951370 1.138585
0.1240000000 12.026999 1.168575
0.1250000000 12.103372 1.199194
0.1260000000 12.180498 1.230447
0.1270000000 12.258382 1.262344
0.1280000000 12.337031 1.294891
0.1290000000 12.416451 1.328098
0.1300000000 12.496650 1.361971
0.1310000000 12.577633 1.396518
0.1320000000 12.659407 1.431747
0.1330000000 12.741977 1.467666
0.1340000000 12.825350 1.504283
0.1350000000 12.909531 1.541605
0.1360000000 12.994527 1.579640
0.1370000000 13.080342 1.618397
0.1380000000 13.166983 1.657883
0.1390000000 13.254455 1.698106
0.1400000000 13.342763 1.739074
0.1410000000 13.431913 1.780794
0.1420000000 13.521910 1.823275
0.1430000000 13.612759 1.866524
0.1440000000 13.704466 1.910550
0.1450000000 13.797035 1.955359
0.1460000000 13.890471 2.000961
0.1470000000 13.984779 2.047363
0.1480000000 14.079964 2.094573
0.1490000000 14.176031 2.142599
0.1500000000 14.272984 2.191449
0.1510000000 14.370828 2.241131
0.1520000000 14.469567 2.291652
0.1530000000 14.569206 2.343021
0.1540000000 14.669750 2.395246
0.1550000000 14.771202 2.448334
0.1560000000 14.873567 2.502294
0.1570000000 14.976849 2.557134
0.1580000000 15.081052 2.612861
0.1590000000 15.186180 2.669483
0.1600000000 15.292238 2.727010
0.1610000000 15.399229 2.785448
0.1620000000 15.507158 2.844805
0.1630000000 15.616027 2.905090
0.1640000000 15.725842 2.966310
0.1650000000 15.836605 3.028475
0.1660000000 15.948320 3.091590
0.1670000000 16.060992 3.155666
0.1680000000 16.174623 3.220709
0.1690000000 16.289218 3.286728
0.1700000000 16.404780 3.353731
0.1710000000 16.521311 3.421725
0.1720000000 16.638817 3.490720
0.1730000000 16.757299 3.560723
0.1740000000 16.876763 3.631741
0.1750000000 16.997209 3.703784
0.1760000000 17.118643 3.776859
0.1770000000 17.241068 3.850974
0.1780000000 17.364485 3.926137
0.1790000000 17.488900 4.002357
0.1800000000 17.614314 4.079641
0.1810000000 17.740730 4.157998
0.1820000000 17.868153 4.237436
0.1830000000 17.996584 4.317962
0.1840000000 18.126027 4.399586
0.1850000000 18.256485 4.482314
0.1860000000 18.387960 4.566156
0.1870000000 18.520456 4.651118
0.1880000000 18.653975 4.737210
0.1890000000 18.788520 4.824440
0.1900000000 18.924094 4.912815
0.1910000000 19.060699 5.002344
0.1920000000 19.198339 5.093035
0.1930000000 19.337015 5.184896
0.1940000000 19.476731 5.277935
0.1950000000 19.617488 5.372160
0.1960000000 19.759291 5.467580
0.1970000000 19.902140 5.564202
0.1980000000 20.046040 5.662035
0.1990000000 20.190991 5.761087
0.2000000000 20.336997 5.861366
0.2010000000 20.484060 5.962880
0.2020000000 20.632183 6.065637
0.2030000000 20.781367 6.169646
0.2040000000 20.931615 6.274915
0.2050000000 21.082930 6.381452
0.2060000000 21.235314 6.489264
0.2070000000 21.388769 6.598361
0.2080000000 21.543297 6.708750
0.2090000000 21.698900 6.820440
0.2100000000 21.855582 6.933439
0.2110000000 22.013343 7.047755
0.2120000000 22.172186 7.163395
0.2130000000 22.332113 7.280369
0.2140000000 22.493127 7.398685
0.2150000000 22.655229 7.518351
0.2160000000 22.818421 7.639374
0.2170000000 22.982706 7.761763
0.2180000000 23.148085 7.885527
0.2190000000 23.314561 8.010673
0.2200000000 23.482136 8.137211
0.2210000000 23.650810 8.265147
0.2220000000 23.820587 8.394490
0.2230000000 23.991469 8.525249
0.2240000000 24.163456 8.657431
0.2250000000 24.336552 8.791045
0.2260000000 24.510757 8.926099
0.2270000000 24.686075 9.062601
0.2280000000 24.862506 9.200560
0.2290000000 25.040052 9.339984
0.2300000000 25.218716 9.480881
0.2310000000 25.398498 9.623258
0.2320000000 25.579401 9.767126
0.2330000000 25.761427 9.912491
0.2340000000 25.944577 10.059361
0.2350000000 26.128852 10.207746
0.2360000000 26.314256 10.357653
0.2370000000 26.500788 10.509091
0.2380000000 26.688452 10.662068
0.2390000000 26.877248 10.816592
0.2400000000 27.067178 10.972671
0.2410000000 27.258244 11.130314
0.2420000000 27.450447 11.289528
0.2430000000 27.643789 11.450323
0.2440000000 27.838272 11.612706
0.2450000000 28.033897 11.776686
0.2460000000 28.230665 11.942270
0.2470000000 28.428579 12.109468
0.2480000000 28.627639 12.278287
0.2490000000 28.827847 12.448735
0.2500000000 29.029205 12.620822
0.2510000000 29.231714 12.794555
0.2520000000 29.435375 12.969942
0.2530000000 29.640191 13.146992
0.2540000000 29.846161 13.325712
0.2550000000 30.053289 13.506112
0.2560000000 30.261575 13.688200
0.2570000000 30.471020 13.871983
0.2580000000 30.681627 14.057470
0.2590000000 30.893395 14.244670
0.2600000000 31.106328 14.433590
0.2610000000 31.320425 14.624239
0.2620000000 31.535689 14.816626
0.2630000000 31.752120 15.010757
0.2640000000 31.969721 15.206643
0.2650000000 32.188491 15.404290
0.2660000000 32.408433 15.603708
0.2670000000 32.629548 15.804904
0.2680000000 32.851838 16.007887
0.2690000000 33.075302 16.212665
0.2700000000 33.299943 16.419247
0.2710000000 33.525762 16.627640
0.2720000000 33.752760 16.837854
0.2730000000 33.980938 17.049895
0.2740000000 34.210297 17.263773
0.2750000000 34.440839 17.479497
0.2760000000 34.672565 17.697073
0.2770000000 34.905476 17.916510
0.2780000000 35.139573 18.137818
0.2790000000 35.374858 18.361003
0.2800000000 35.611330 18.586075
0.2810000000 35.848993 18.813041
0.2820000000 36.087845 19.041911
0.2830000000 36.327890 19.272691
0.2840000000 36.569128 19.505392
0.2850000000 36.811559 19.740020
0.2860000000 37.055186 19.976584
0.2870000000 37.300008 20.215092
0.2880000000 37.546028 20.455554
0.2890000000 37.793247 20.697976
0.2900000000 38.041664 20.942368
0.2910000000 38.291282 21.188737
0.2920000000 38.542101 21.437093
0.2930000000 38.794123 21.687442
0.2940000000 39.047348 21.939794
0.2950000000 39.301777 22.194158
0.2960000000 39.557412 22.450540
0.2970000000 39.814253 22.708950
0.2980000000 40.072302 22.969396
0.2990000000 40.331559 23.231886
0.3000000000 40.592025 23.496428
0.3010000000 40.853702 23.763031
0.3020000000 41.116590 24.031703
0.3030000000 41.380690 24.302453
0.3040000000 41.646004 24.575288
0.3050000000 41.912531 24.850217
0.3060000000 42.180274 25.127249
0.3070000000 42.449232 25.406392
0.3080000000 42.719407 25.687653
0.3090000000 42.990800 25.971042
0.3100000000 43.263412 26.256566
0.3110000000 43.537243 26.544234
0.3120000000 43.812295 26.834055
0.3130000000 44.088568 27.126036
0.3140000000 44.366063 27.420186
0.3150000000 44.644781 27.716513
0.3160000000 44.924723 28.015026
0.3170000000 45.205890 28.315732
0.3180000000 45.488282 28.618641
0.3190000000 45.771901 28.923761
0.3200000000 46.056747 29.231099
0.3210000000 46.342821 29.540664
0.3220000000 46.630124 29.852465
0.3230000000 46.918657 30.166510
0.3240000000 47.208420 30.482807
0.3250000000 47.499415 30.801364
0.3260000000 47.791641 31.122190
0.3270000000 48.085101 31.445293
0.3280000000 48.379794 31.770682
0.3290000000 48.675722 32.098365
0.3300000000 48.972885 32.428349
0.3310000000 49.271285 32.760644
0.3320000000 49.570920 33.095258
0.3330000000 49.871794 33.432199
0.3340000000 50.173906 33.771476
0.3350000000 50.477256 34.113096
0.3360000000 50.781847 34.457068
0.3370000000 51.087678 34.803401
0.3380000000 51.394750 35.152102
0.3390000000 51.703065 35.503181
0.3400000000 52.012622 35.856645
0.3410000000 52.323422 36.212502
0.3420000000 52.635467 36.570762
0.3430000000 52.948756 36.931433
0.3440000000 53.263291 37.294522
0.3450000000 53.579072 37.660038
0.3460000000 53.896100 38.027989
0.3470000000 54.214376 38.398385
0.3480000000 54.533900 38.771232
0.3490000000 54.854672 39.146540
0.3500000000 55.176695 39.524317
0.3510000000 55.499968 39.904570
0.3520000000 55.824491 40.287310
0.3530000000 56.150267 40.672542
0.3540000000 56.477294 41.060278
0.3550000000 56.805575 41.450523
0.3560000000 57.135109 41.843287
0.3570000000 57.465897 42.238579
0.3580000000 57.797940 42.636406
0.3590000000 58.131238 43.036777
0.3600000000 58.465793 43.439699
0.3610000000 58.801604 43.845183
0.3620000000 59.138673 44.253235
0.3630000000 59.477000 44.663864
0.3640000000 59.816585 45.077079
0.3650000000 60.157429 45.492888
0.3660000000 60.499533 45.911298
0.3670000000 60.842898 46.332320
0.3680000000 61.187523 46.755960
0.3690000000 61.533410 47.182227
0.3700000000 61.880559 47.611130
0.3710000000 62.228971 48.042677
0.3720000000 62.578646 48.476876
0.3730000000 62.929585 48.913735
0.3740000000 63.281788 49.353264
0.3750000000 63.635257 49.795470
0.3760000000 63.989991 50.240361
0.3770000000 64.345991 50.687946
0.3780000000 64.703258 51.138233
0.3790000000 65.061792 51.591231
0.3800000000 65.421594 52.046948
0.3810000000 65.782664 52.505392
0.3820000000 66.145003 52.966572
0.3830000000 66.508611 53.430496
0.3840000000 66.873490 53.897172
0.3850000000 67.239639 54.366609
0.3860000000 67.607059 54.838814
0.3870000000 67.975750 55.313797
0.3880000000 68.345714 55.791566
0.3890000000 68.716950 56.272128
0.3900000000 69.089459 56.755493
0.3910000000 69.463242 57.241669
0.3920000000 69.838299 57.730664
0.3930000000 70.214630 58.222486
0.3940000000 70.592237 58.717144
0.3950000000 70.971119 59.214646
0.3960000000 71.351277 59.715000
0.3970000000 71.732712 60.218215
0.3980000000 72.115425 60.724299
0.3990000000 72.499414 61.233260
0.4000000000 72.884682 61.745108
0.4010000000 73.271228 62.259849
0.4020000000 73.659054 62.777493
0.4030000000 74.048158 63.298048
0.4040000000 74.438543 63.821521
0.4050000000 74.830208 64.347923
0.4060000000 75.223154 64.877260
0.4070000000 75.617382 65.409541
0.4080000000 76.012891 65.944775
0.4090000000 76.409683 66.482969
0.4100000000 76.807757 67.024133
0.4110000000 77.207115 67.568274
0.4120000000 77.607756 68.115401
0.4130000000 78.009681 68.665523
0.4140000000 78.412891 69.218647
0.4150000000 78.817385 69.774781
0.4160000000 79.223166 70.333935
0.4170000000 79.630232 70.896117
0.4180000000 80.038584 71.461335
0.4190000000 80.448223 72.029596
0.4200000000 80.859149 72.600911
0.4210000000 81.271362 73.175286
0.4220000000 81.684864 73.752731
0.4230000000 82.099654 74.333253
0.4240000000 82.515733 74.916861
0.4250000000 82.933101 75.503564
0.4260000000 83.351759 76.093369
0.4270000000 83.771706 76.686286
0.4280000000 84.192945 77.282321
0.4290000000 84.615474 77.881484
0.4300000000 85.039294 78.483784
0.4310000000 85.464406 79.089227
0.4320000000 85.890810 79.697824
0.4330000000 86.318507 80.309581
0.4340000000 86.747496 80.924508
0.4350000000 87.177779 81.542612
0.4360000000 87.609355 82.163903
0.4370000000 88.042225 82.788388
0.4380000000 88.476390 83.416075
0.4390000000 88.911849 84.046974
0.4400000000 89.348604 84.681092
0.4410000000 89.786654 85.318438
0.4420000000 90.226000 85.959020
0.4430000000 90.666643 86.602847
0.4440000000 91.108582 87.249926
0.4450000000 91.551818 87.900266
0.4460000000 91.996351 88.553876
0.4470000000 92.442182 89.210764
0.4480000000 92.889312 89.870938
0.4490000000 93.337740 90.534406
0.4500000000 93.787466 91.201177
0.4510000000 94.238492 91.871259
0.4520000000 94.690817 92.544661
0.4530000000 95.144443 93.221391
0.4540000000 95.599368 93.901457
0.4550000000 96.055594 94.584867
0.4560000000 96.513121 95.271630
0.4570000000 96.971950 95.961754
0.4580000000 97.432080 96.655248
0.4590000000 97.893512 97.352120
0.4600000000 98.356246 98.052378
0.4610000000 98.820283 98.756030
0.4620000000 99.285623 99.463085
0.4630000000 99.752266 100.173552
0.4640000000 100.220213 100.887438
0.4650000000 100.689464 101.604752
0.4660000000 101.160019 102.325502
0.4670000000 101.631878 103.049697
0.4680000000 102.105043 103.777344
0.4690000000 102.579513 104.508453
0.4700000000 103.055288 105.243032
0.4710000000 103.532370 105.981088
0.4720000000 104.010757 106.722630
0.4730000000 104.490452 107.467668
0.4740000000 104.971453 108.216208
0.4750000000 105.453761 108.968259
0.4760000000 105.937376 109.723830
0.4770000000 106.422300 110.482928
0.4780000000 106.908531 111.245563
0.4790000000 107.396071 112.011743
0.4800000000 107.884919 112.781475
0.4810000000 108.375077 113.554769
0.4820000000 108.866544 114.331632
0.4830000000 109.359320 115.112074
0.4840000000 109.853406 115.896101
0.4850000000 110.348803 116.683723
0.4860000000 110.845509 117.474948
0.4870000000 111.343527 118.269784
0.4880000000 111.842855 119.068240
0.4890000000 112.343495 119.870324
0.4900000000 112.845447 120.676043
0.4910000000 113.348710 121.485408
0.4920000000 113.853286 122.298425
0.4930000000 114.359174 123.115104
0.4940000000 114.866375 123.935452
0.4950000000 115.374889 124.759478
0.4960000000 115.884716 125.587190
0.4970000000 116.395856 126.418597
0.4980000000 116.908311 127.253707
0.4990000000 117.422079 128.092528
0.5000000000 117.937162 128.935068
0.5010000000 118.453560 129.781337
0.5020000000 118.971273 130.631341
0.5030000000 119.490300 131.485090
0.5040000000 120.010644 132.342592
0.5050000000 120.532303 133.203856
0.5060000000 121.055277 134.068888
0.5070000000 121.579569 134.937699
0.5080000000 122.105176 135.810295
0.5090000000 122.632101 136.686687
0.5100000000 123.160342 137.566881
0.5110000000 123.689901 138.450886
0.5120000000 124.220777 139.338710
0.5130000000 124.752971 140.230363
0.5140000000 125.286483 141.125852
0.5150000000 125.821313 142.025185
0.5160000000 126.357461 142.928370
0.5170000000 126.894929 143.835417
0.5180000000 127.433715 144.746334
0.5190000000 127.973821 145.661128
0.5200000000 128.515247 146.579808
0.5210000000 129.057992 147.502383
0.5220000000 129.602056 148.428860
0.5230000000 130.147442 149.359249
0.5240000000 130.694147 150.293557
0.5250000000 131.242174 151.231792
0.5260000000 131.791521 152.173964
0.5270000000 132.342189 153.120080
0.5280000000 132.894179 154.070148
0.5290000000 133.447491 155.024178
0.5300000000 134.002124 155.982177
0.5310000000 134.558079 156.944153
0.5320000000 135.115357 157.910116
0.5330000000 135.673957 158.880073
0.5340000000 136.233880 159.854032
0.5350000000 136.795127 160.832003
0.5360000000 137.357696 161.813992
0.5370000000 137.921588 162.800009
0.5380000000 138.486805 163.790062
0.5390000000 139.053345 164.784160
0.5400000000 139.621209 165.782310
0.5410000000 140.190398 166.784520
0.5420000000 140.760911 167.790800
0.5430000000 141.332749 168.801157
0.5440000000 141.905912 169.815600
0.5450000000 142.480400 170.834138
0.5460000000 143.056213 171.856777
0.5470000000 143.633352 172.883528
0.5480000000 144.211817 173.914397
0.5490000000 144.791608 174.949394
0.5500000000 145.372725 175.988527
0.5510000000 145.955169 177.031803
0.5520000000 146.538939 178.079232
0.5530000000 147.124036 179.130822
0.5540000000 147.710460 180.186581
0.5550000000 148.298211 181.246517
0.5560000000 148.887290 182.310638
0.5570000000 149.477696 183.378953
0.5580000000 150.069430 184.451471
0.5590000000 150.662493 185.528199
0.5600000000 151.256883 186.609146
0.5610000000 151.852602 187.694320
0.5620000000 152.449650 188.783730
0.5630000000 153.048026 189.877384
0.5640000000 153.647731 190.975289
0.5650000000 154.248766 192.077455
0.5660000000 154.851130 193.183890
0.5670000000 155.454824 194.294602
0.5680000000 156.059847 195.409599
0.5690000000 156.666200 196.528890
0.5700000000 157.273884 197.652482
0.5710000000 157.882898 198.780386
0.5720000000 158.493242 199.912607
0.5730000000 159.104917 201.049156
0.5740000000 159.717923 202.190040
0.5750000000 160.332260 203.335267
0.5760000000 160.947929 204.484846
0.5770000000 161.564929 205.638785
0.5780000000 162.183260 206.797093
0.5790000000 162.802923 207.959778
0.5800000000 163.423918 209.126847
0.5810000000 164.046246 210.298310
0.5820000000 164.669905 211.474175
0.5830000000 165.294898 212.654450
0.5840000000 165.921223 213.839143
0.5850000000 166.548880 215.028262
0.5860000000 167.177871 216.221816
0.5870000000 167.808195 217.419814
0.5880000000 168.439852 218.622263
0.5890000000 169.072843 219.829172
0.5900000000 169.707168 221.040549
0.5910000000 170.342826 222.256403
0.5920000000 170.979819 223.476741
0.5930000000 171.618146 224.701573
0.5940000000 172.257807 225.930905
0.5950000000 172.898803 227.164748
0.5960000000 173.541133 228.403108
0.5970000000 174.184798 229.645994
0.5980000000 174.829799 230.893415
0.5990000000 175.476134 232.145379
0.6000000000 176.123805 233.401894
0.6010000000 176.772811 234.662969
0.6020000000 177.423153 235.928611
0.6030000000 178.074831 237.198829
0.6040000000 178.727845 238.473632
0.6050000000 179.382195 239.753027
0.6060000000 180.037882 241.037024
0.6070000000 180.694904 242.325629
0.6080000000 181.353264 243.618852
0.6090000000 182.012960 244.916701
0.6100000000 182.673993 246.219184
0.6110000000 183.336363 247.526310
0.6120000000 184.000071 248.838086
0.6130000000 184.665116 250.154522
0.6140000000 185.331498 251.475624
0.6150000000 185.999218 252.801402
0.6160000000 186.668276 254.131865
0.6170000000 187.338672 255.467019
0.6180000000 188.010406 256.806874
0.6190000000 188.683478 258.151438
0.6200000000 189.357889 259.500719
0.6210000000 190.033638 260.854725
0.6220000000 190.710726 262.213465
0.6230000000 191.389153 263.576947
0.6240000000 192.068918 264.945179
0.6250000000 192.750023 266.318170
0.6260000000 193.432467 267.695928
0.6270000000 194.116251 269.078460
0.6280000000 194.801374 270.465777
0.6290000000 195.487837 271.857885
0.6300000000 196.175640 273.254793
0.6310000000 196.864782 274.656509
0.6320000000 197.555265 276.063042
0.6330000000 198.247088 277.474400
0.6340000000 198.940251 278.890591
0.6350000000 199.634755 280.311624
0.6360000000 200.330600 281.737506
0.6370000000 201.027785 283.168247
0.6380000000 201.726312 284.603853
0.6390000000 202.426179 286.044335
0.6400000000 203.127387 287.489699
0.6410000000 203.829937 288.939955
0.6420000000 204.533829 290.395110
0.6430000000 205.239061 291.855173
0.6440000000 205.945636 293.320152
0.6450000000 206.653552 294.790055
0.6460000000 207.362811 296.264891
0.6470000000 208.073411 297.744668
0.6480000000 208.785354 299.229394
0.6490000000 209.498639 300.719078
0.6500000000 210.213266 302.213727
0.6510000000 210.929236 303.713350
0.6520000000 211.646549 305.217956
0.6530000000 212.365205 306.727553
0.6540000000 213.085203 308.242148
0.6550000000 213.806545 309.761751
0.6560000000 214.529230 311.286369
0.6570000000 215.253258 312.816010
0.6580000000 215.978630 314.350684
0.6590000000 216.705345 315.890399
0.6600000000 217.433404 317.435161
0.6610000000 218.162807 318.984981
0.6620000000 218.893554 320.539866
0.6630000000 219.625645 322.099824
0.6640000000 220.359079 323.664864
0.6650000000 221.093859 325.234994
0.6660000000 221.829982 326.810223
0.6670000000 222.567450 328.390557
0.6680000000 223.306263 329.976007
0.6690000000 224.046421 331.566580
0.6700000000 224.787923 333.162284
0.6710000000 225.530770 334.763128
0.6720000000 226.274963 336.369120
0.6730000000 227.020500 337.980268
0.6740000000 227.767383 339.596581
0.6750000000 228.515612 341.218066
0.6760000000 229.265186 342.844733
0.6770000000 230.016105 344.476588
0.6780000000 230.768370 346.113642
0.6790000000 231.521982 347.755901
0.6800000000 232.276939 349.403374
0.6810000000 233.033242 351.056070
0.6820000000 233.790891 352.713997
0.6830000000 234.549887 354.377162
0.6840000000 235.310229 356.045575
0.6850000000 236.071918 357.719243
0.6860000000 236.834953 359.398175
0.6870000000 237.599335 361.082379
0.6880000000 238.365063 362.771864
0.6890000000 239.132139 364.466637
0.6900000000 239.900562 366.166707
0.6910000000 240.670331 367.872082
0.6920000000 241.441449 369.582770
0.6930000000 242.213913 371.298780
0.6940000000 242.987725 373.020120
0.6950000000 243.762884 374.746798
0.6960000000 244.539391 376.478823
0.6970000000 245.317246 378.216202
0.6980000000 246.096448 379.958945
0.6990000000 246.876999 381.707059
0.7000000000 247.658897 383.460552
0.7010000000 248.442144 385.219433
0.7020000000 249.226739 386.983710
0.7030000000 250.012682 388.753392
0.7040000000 250.799973 390.528486
0.7050000000 251.588614 392.309001
0.7060000000 252.378602 394.094945
0.7070000000 253.169940 395.886326
0.7080000000 253.962626 397.683154
0.7090000000 254.756661 399.485435
0.7100000000 255.552045 401.293178
0.7110000000 256.348779 403.106392
0.7120000000 257.146861 404.925084
0.7130000000 257.946293 406.749264
0.7140000000 258.747074 408.578939
0.7150000000 259.549204 410.414117
0.7160000000 260.352684 412.254807
0.7170000000 261.157514 414.101017
0.7180000000 261.963693 415.952755
0.7190000000 262.771223 417.810030
0.7200000000 263.580102 419.672849
0.7210000000 264.390331 421.541222
0.7220000000 265.201910 423.415156
0.7230000000 266.014839 425.294659
0.7240000000 266.829119 427.179741
0.7250000000 267.644749 429.070408
0.7260000000 268.461729 430.966670
0.7270000000 269.280060 432.868534
0.7280000000 270.099742 434.776010
0.7290000000 270.920774 436.689104
0.7300000000 271.743157 438.607826
0.7310000000 272.566891 440.532183
0.7320000000 273.391976 442.462184
0.7330000000 274.218412 444.397838
0.7340000000 275.046198 446.339151
0.7350000000 275.875337 448.286134
0.7360000000 276.705826 450.238793
0.7370000000 277.537667 452.197138
0.7380000000 278.370859 454.161175
0.7390000000 279.205403 456.130915
0.7400000000 280.041298 458.106364
0.7410000000 280.878545 460.087532
0.7420000000 281.717144 462.074426
0.7430000000 282.557094 464.067054
0.7440000000 283.398397 466.065426
0.7450000000 284.241052 468.069548
0.7460000000 285.085058 470.079430
0.7470000000 285.930417 472.095080
0.7480000000 286.777128 474.116506
0.7490000000 287.625191 476.143715
0.7500000000 288.474607 478.176718
0.7510000000 289.325375 480.215520
0.7520000000 290.177496 482.260132
0.7530000000 291.030969 484.310561
0.7540000000 291.885795 486.366815
0.7550000000 292.741974 488.428903
0.7560000000 293.599506 490.496833
0.7570000000 294.458390 492.570613
0.7580000000 295.318628 494.650251
0.7590000000 296.180219 496.735756
0.7600000000 297.043162 498.827135
0.7610000000 297.907459 500.924398
0.7620000000 298.773110 503.027552
0.7630000000 299.640113 505.136606
0.7640000000 300.508470 507.251568
0.7650000000 301.378181 509.372445
0.7660000000 302.249245 511.499247
0.7670000000 303.121663 513.631982
0.7680000000 303.995435 515.770657
0.7690000000 304.870560 517.915281
0.7700000000 305.747039 520.065863
0.7710000000 306.624872 522.222410
0.7720000000 307.504059 524.384931
0.7730000000 308.384600 526.553434
0.7740000000 309.266496 528.727927
0.7750000000 310.149745 530.908419
0.7760000000 311.034349 533.094917
0.7770000000 311.920307 535.287430
0.7780000000 312.807619 537.485967
0.7790000000 313.696286 539.690535
0.7800000000 314.586308 541.901142
0.7810000000 315.477684 544.117798
0.7820000000 316.370415 546.340509
0.7830000000 317.264500 548.569285
0.7840000000 318.159941 550.804134
0.7850000000 319.056736 553.045064
0.7860000000 319.954886 555.292082
0.7870000000 320.854391 557.545198
0.7880000000 321.755251 559.804419
0.7890000000 322.657466 562.069754
0.7900000000 323.561037 564.341212
0.7910000000 324.465962 566.618799
0.7920000000 325.372243 568.902525
0.7930000000 326.279880 571.192398
0.7940000000 327.188872 573.488425
0.7950000000 328.099219 575.790616
0.7960000000 329.010922 578.098978
0.7970000000 329.923980 580.413520
0.7980000000 330.838394 582.734250
0.7990000000 331.754164 585.061175
0.8000000000 332.671290 587.394305
0.8010000000 333.589771 589.733648
0.8020000000 334.509609 592.079211
0.8030000000 335.430802 594.431004
0.8040000000 336.353352 596.789033
0.8050000000 337.277257 599.153309
0.8060000000 338.202519 601.523837
0.8070000000 339.129137 603.900628
0.8080000000 340.057111 606.283689
0.8090000000 340.986442 608.673028
0.8100000000 341.917129 611.068654
0.8110000000 342.849172 613.470575
0.8120000000 343.782572 615.878798
0.8130000000 344.717328 618.293333
0.8140000000 345.653441 620.714188
0.8150000000 346.590911 623.141370
0.8160000000 347.529737 625.574888
0.8170000000 348.469921 628.014751
0.8180000000 349.411461 630.460965
0.8190000000 350.354357 632.913541
0.8200000000 351.298611 635.372485
0.8210000000 352.244222 637.837806
0.8220000000 353.191190 640.309512
0.8230000000 354.139515 642.787612
0.8240000000 355.089197 645.272114
0.8250000000 356.040236 647.763026
0.8260000000 356.992633 650.260356
0.8270000000 357.946387 652.764112
0.8280000000 358.901498 655.274303
0.8290000000 359.857967 657.790936
0.8300000000 360.815793 660.314021
0.8310000000 361.774977 662.843565
0.8320000000 362.735518 665.379576
0.8330000000 363.697417 667.922063
0.8340000000 364.660673 670.471034
0.8350000000 365.625287 673.026497
0.8360000000 366.591259 675.588460
0.8370000000 367.558589 678.156932
0.8380000000 368.527277 680.731921
0.8390000000 369.497323 683.313435
0.8400000000 370.468726 685.901481
0.8410000000 371.441488 688.496070
0.8420000000 372.415607 691.097208
0.8430000000 373.391085 693.704903
0.8440000000 374.367921 696.319165
0.8450000000 375.346115 698.940001
0.8460000000 376.325668 701.567420
0.8470000000 377.306579 704.201429
0.8480000000 378.288848 706.842037
0.8490000000 379.272475 709.489252
0.8500000000 380.257461 712.143083
0.8510000000 381.243805 714.803537
0.8520000000 382.231508 717.470622
0.8530000000 383.220570 720.144348
0.8540000000 384.210990 722.824722
0.8550000000 385.202769 725.511752
0.8560000000 386.195907 728.205447
0.8570000000 387.190403 730.905815
0.8580000000 388.186258 733.612863
0.8590000000 389.183472 736.326601
0.8600000000 390.182045 739.047036
0.8610000000 391.181977 741.774177
0.8620000000 392.183267 744.508032
0.8630000000 393.185917 747.248608
0.8640000000 394.189926 749.995915
0.8650000000 395.195294 752.749960
0.8660000000 396.202021 755.510752
0.8670000000 397.210108 758.278299
0.8680000000 398.219553 761.052609
0.8690000000 399.230358 763.833690
0.8700000000 400.242523 766.621551
0.8710000000 401.256046 769.416199
0.8720000000 402.270929 772.217643
0.8730000000 403.287172 775.025891
0.8740000000 404.304774 777.840951
0.8750000000 405.323735 780.662832
0.8760000000 406.344056 783.491542
0.8770000000 407.365737 786.327088
0.8780000000 408.388777 789.169479
0.8790000000 409.413177 792.018724
0.8800000000 410.438937 794.874830
0.8810000000 411.466056 797.737806
0.8820000000 412.494536 800.607660
0.8830000000 413.524375 803.484400
0.8840000000 414.555574 806.368034
0.8850000000 415.588133 809.258570
0.8860000000 416.622052 812.156017
0.8870000000 417.657331 815.060383
0.8880000000 418.693970 817.971676
0.8890000000 419.731969 820.889904
0.8900000000 420.771328 823.815076
0.8910000000 421.812047 826.747199
0.8920000000 422.854127 829.686283
0.8930000000 423.897566 832.632334
0.8940000000 424.942366 835.585361
0.8950000000 425.988527 838.545373
0.8960000000 427.036047 841.512378
0.8970000000 428.084928 844.486383
0.8980000000 429.135170 847.467397
0.8990000000 430.186771 850.455429
0.9000000000 431.239734 853.450485
0.9010000000 432.294057 856.452576
0.9020000000 433.349740 859.461708
0.9030000000 434.406784 862.477890
0.9040000000 435.465189 865.501130
0.9050000000 436.524954 868.531437
0.9060000000 437.586080 871.568818
0.9070000000 438.648566 874.613282
0.9080000000 439.712414 877.664836
0.9090000000 440.777622 880.723490
0.9100000000 441.844191 883.789251
0.9110000000 442.912121 886.862128
0.9120000000 443.981412 889.942128
0.9130000000 445.052063 893.029260
0.9140000000 446.124076 896.123532
0.9150000000 447.197449 899.224953
0.9160000000 448.272184 902.333529
0.9170000000 449.348280 905.449270
0.9180000000 450.425736 908.572185
0.9190000000 451.504554 911.702280
0.9200000000 452.584733 914.839564
0.9210000000 453.666274 917.984045
0.9220000000 454.749175 921.135732
0.9230000000 455.833438 924.294633
0.9240000000 456.919062 927.460755
0.9250000000 458.006047 930.634108
0.9260000000 459.094393 933.814699
0.9270000000 460.184101 937.002536
0.9280000000 461.275170 940.197628
0.9290000000 462.367601 943.399983
0.9300000000 463.461393 946.609609
0.9310000000 464.556547 949.826513
0.9320000000 465.653062 953.050706
0.9330000000 466.750939 956.282193
0.9340000000 467.850177 959.520985
0.9350000000 468.950777 962.767088
0.9360000000 470.052738 966.020511
0.9370000000 471.156062 969.281263
0.9380000000 472.260746 972.549351
0.9390000000 473.366793 975.824783
0.9400000000 474.474201 979.107568
0.9410000000 475.582971 982.397715
0.9420000000 476.693103 985.695230
0.9430000000 477.804597 989.000122
0.9440000000 478.917452 992.312401
0.9450000000 480.031670 995.632072
0.9460000000 481.147249 998.959146
0.9470000000 482.264190 1002.293629
0.9480000000 483.382493 1005.635531
0.9490000000 484.502158 1008.984859
0.9500000000 485.623185 1012.341622
0.9510000000 486.745575 1015.705827
0.9520000000 487.869326 1019.077483
0.9530000000 488.994439 1022.456598
0.9540000000 490.120915 1025.843180
0.9550000000 491.248752 1029.237238
0.9560000000 492.377952 1032.638779
0.9570000000 493.508514 1036.047812
0.9580000000 494.640438 1039.464345
0.9590000000 495.773725 1042.888386
0.9600000000 496.908373 1046.319943
0.9610000000 498.044384 1049.759025
0.9620000000 499.181757 1053.205639
0.9630000000 500.320493 1056.659794
0.9640000000 501.460591 1060.121498
0.9650000000 502.602051 1063.590758
0.9660000000 503.744874 1067.067584
0.9670000000 504.889059 1070.551984
0.9680000000 506.034607 1074.043965
0.9690000000 507.181517 1077.543536
0.9700000000 508.329790 1081.050705
0.9710000000 509.479425 1084.565480
0.9720000000 510.630422 1088.087869
0.9730000000 511.782783 1091.617880
0.9740000000 512.936506 1095.155522
0.9750000000 514.091591 1098.700803
0.9760000000 515.248039 1102.253731
0.9770000000 516.405850 1105.814313
0.9780000000 517.565023 1109.382559
0.9790000000 518.725560 1112.958477
0.9800000000 519.887458 1116.542074
0.9810000000 521.050720 1120.133358
0.9820000000 522.215344 1123.732339
0.9830000000 523.381332 1127.339023
0.9840000000 524.548682 1130.953420
0.9850000000 525.717394 1134.575537
0.9860000000 526.887470 1138.205383
0.9870000000 528.058909 1141.842965
0.9880000000 529.231710 1145.488293
0.9890000000 530.405875 1149.141373
0.9900000000 531.581402 1152.802214
0.9910000000 532.758292 1156.470825
0.9920000000 533.936545 1160.147213
0.9930000000 535.116161 1163.831387
0.9940000000 536.297141 1167.523355
0.9950000000 537.479483 1171.223124
0.9960000000 538.663188 1174.930704
0.9970000000 539.848257 1178.646102
0.9980000000 541.034688 1182.369326
0.9990000000 542.222483 1186.100385
1.0000000000 543.411640 1189.839287
